9780007588527
9780007589203
9780062312181
9780064407663
9780064407670
9780064407687
9780064408639
9780064408660
9780064410120
9780064410137
9780064410144
9780091834722
9780140342970
9780140541489
9780140544510
9780143301950
9780143305286
9780143306153
9780143308645
9780143501985
9780143504450
9780143782896
9780143787594
9780207157080
9780207199745
9780316058438
9780316404488
9780330274067
9780330361415
9780330362153
9780330363686
9780330422666
9780374308032
9780375858994
9780375958991
9780380709540
9780394800011
9780394800189
9780394823379
9780395181553
9780399245039
9780525555452
9780545946179
9780545952781
9780670062874
9780670079254
9780689818769
9780733621055
9780734409157
9780734418630
9780744578768
9780763622626
9780763655983
9780763689797
9780763693558
9780786819881
9780803726574
9780823440559
9780994384164
9781338271492
9781409593492
9781419705847
9781420204483
9781420204513
9781420204537
9781420204544
9781420204551
9781596434028
9781741142136
9781741144413
9781741145885
9781741145892
9781741758887
9781742031897
9781742374178
9781742614212
9781742769691
9781742993751
9781743629093
9781743820216
9781760128647
9781760129828
9781760523534
9781760528706
9781760630836
9781760640217
9781775433637
9781776570096
9781776571987
9781842551318
9781862914926
9781865045979
9781922142627
9781925360011
9781925603743
9781925626728
9781925712513
9781925773026
9781925791235
9781925791280
9780006754008
9780006755203
9780006755302
9780007115617
9780007129652
9780007182343
9780007263875
9780007270613
9780007299263
9780007309740
9780007325054
9780007350995
9780007351596
9780007371457
9780007371464
9780007380459
9780007380466
9780007416868
9780007443888
9780007445349
9780007453535
9780007453542
9780007453559
9780007453580
9780007453597
9780007453610
9780007453627
9780007453634
9780007489275
9780007507528
9780007507603
9780007507627
9780007512393
9780007513758
9780007542963
9780007559541
9780008124557
9780008139414
9780008164621
9780008164638
9780008164669
9780008164676
9780008170622
9780008188573
9780008197049
9780008200565
9780008201470
9780008203900
9780008203924
9780008208714
9780008219574
9780008219604
9780008267018
9780008280604
9780008297244
9780008298357
9780008304607
9780008308407
9780008308414
9780008308445
9780008332389
9780008355050
9780008363994
9780008382209
9780008430306
9780008468941
9780008470289
9780008491338
9780008499723
9780060268657
9780060276737
9780060530945
9780060555306
9780060586751
9780060736262
9780061120084
9780061146336
9780061227288
9780061431852
9780061757099
9780061757105
9780061757129
9780061757136
9780061757143
9780061757150
9780061757167
9780061757174
9780061757181
9780061757198
9780061757204
9780061757211
9780061962790
9780061975165
9780061992278
9780062007407
9780062209696
9780062272447
9780062313461
9780062355782
9780062366962
9780062366986
9780062367006
9780062367013
9780062386434
9780062398673
9780062399526
9780062560773
9780062570703
9780062572738
9780062668271
9780062676313
9780062676344
9780062687753
9780062689818
9780062692573
9780062936615
9780062947796
9780062947857
9780063043237
9780063237391
9780064400558
9780064400589
9780064403146
9780064405171
9780064407052
9780064407311
9780064407694
9780064408646
9780064408653
9780064410151
9780064410168
9780064472272
9780064473576
9780064473583
9780099488293
9780099488330
9780099572879
9780140301854
9780140303629
9780140316728
9780140369298
9780140370904
9780140372380
9780140380903
9780140383805
9780140501735
9780140503067
9780140541120
9780140542370
9780140555264
9780140559910
9780140564990
9780140567533
9780140568233
9780141301426
9780141301563
9780141305127
9780141305363
9780141306551
9780141306575
9780141307480
9780141308258
9780141308388
9780141308432
9780141311142
9780141311357
9780141313382
9780141321066
9780141321103
9780141321264
9780141321271
9780141321288
9780141321592
9780141322964
9780141323473
9780141323749
9780141324906
9780141326191
9780141326252
9780141331331
9780141335391
9780141338255
9780141338262
9780141345161
9780141345178
9780141346137
9780141346809
9780141346830
9780141346847
9780141346885
9780141349596
9780141350394
9780141354828
9780141354866
9780141354965
9780141357850
9780141364094
9780141365374
9780141365381
9780141365404
9780141365411
9780141365428
9780141365435
9780141365442
9780141365459
9780141365466
9780141365473
9780141365480
9780141365497
9780141365503
9780141365510
9780141366586
9780141369372
9780141369723
9780141377056
9780141377650
9780141378244
9780141394589
9780141394930
9780141919133
9780141919140
9780141924403
9780141926902
9780141929453
9780141929569
9780141929842
9780141929859
9780141929873
9780141930190
9780141930213
9780141960616
9780141962306
9780141986005
9780142302392
9780142401101
9780142402573
9780142420133
9780142501849
9780143039433
9780143039853
9780143129400
9780143300465
9780143300663
9780143300847
9780143300991
9780143301745
9780143302216
9780143302384
9780143302780
9780143303145
9780143303701
9780143303831
9780143303848
9780143304333
9780143304555
9780143304869
9780143304951
9780143304999
9780143305279
9780143305309
9780143305989
9780143306641
9780143307310
9780143307334
9780143307662
9780143308089
9780143308119
9780143308126
9780143308492
9780143308591
9780143308744
9780143308805
9780143308928
9780143309000
9780143309222
9780143309239
9780143309260
9780143309338
9780143500452
9780143501305
9780143501619
9780143503118
9780143504108
9780143504658
9780143505518
9780143505723
9780143505969
9780143507000
9780143507260
9780143507277
9780143573999
9780143775720
9780143780212
9780143780618
9780143780632
9780143780656
9780143781240
9780143782797
9780143782889
9780143783909
9780143785859
9780143785873
9780143786368
9780143786757
9780143786801
9780143786887
9780143787167
9780143787204
9780143787457
9780143788973
9780143789024
9780143789413
9780143791799
9780143791928
9780143793236
9780143793243
9780143795094
9780143796084
9780143796114
9780143796367
9780147514004
9780152052607
9780207172458
9780207172847
9780207173226
9780207176197
9780207185991
9780207196041
9780207197499
9780207198960
9780207199059
9780207200311
9780241316580
9780241328583
9780241336786
9780241362235
9780241364451
9780241378960
9780241407462
9780241407554
9780241412473
9780241414781
9780241415757
9780241419830
9780241445419
9780241449493
9780241449608
9780241491621
9780241538180
9780241542217
9780307386878
9780307931894
9780312201654
9780312375980
9780312384289
9780312384487
9780312608897
9780312653040
9780316003735
9780316003759
9780316038638
9780316058421
9780316111935
9780316114271
9780316310314
9780316358392
9780316358446
9780316562584
9780316769174
9780330271837
9780330273534
9780330274869
9780330358842
9780330360784
9780330363891
9780330403832
9780330403849
9780330404365
9780330423175
9780330423533
9780330423731
9780330424158
9780330424172
9780330424868
9780330425346
9780330425650
9780330425780
9780330545624
9780340796146
9780340917992
9780340943953
9780340996515
9780349009162
9780358063681
9780369304063
9780369329011
9780369331212
9780369333124
9780370329277
9780374309473
9780374351144
9780375836947
9780375861475
9780380709595
9780380727698
9780385736008
9780394800875
9780394828923
9780395150825
9780399161032
9780399207624
9780399213540
9780399214578
9780399226717
9780399233159
9780439023122
9780439559638
9780439559676
9780439829106
9780439829120
9780439841177
9780439841207
9780439908238
9780439922333
9780440400592
9780440406945
9780440407027
9780440414803
9780440416777
9780440416791
9780451480989
9780486492834
9780500652268
9780500652435
9780500652725
9780525477686
9780525582311
9780544704527
9780545021371
9780545161954
9780545174794
9780545521420
9780545646567
9780547076362
9780547608389
9780547722023
9780552555913
9780552556200
9780552559584
9780552565974
9780552574778
9780571323562
9780571323579
9780575079243
9780590718851
9780593110416
9780593301739
9780593303894
9780606235556
9780606351508
9780613005036
9780613035897
9780613298032
9780613685726
9780613925013
9780642278517
9780642278883
9780642279033
9780642279279
9780645069655
9780648054924
9780648748809
9780648953395
9780648964018
9780655215080
9780670012954
9780670028610
9780670040971
9780670072361
9780670072392
9780670073658
9780670074372
9780670074679
9780670074747
9780670075997
9780670076031
9780670076833
9780670077151
9780670077182
9780670077427
9780670077441
9780670077755
9780670077977
9780670078004
9780670078042
9780670078592
9780670078851
9780670079377
9780670241330
9780670880676
9780670880683
9780670896493
9780679734772
9780679847595
9780688120733
9780689829833
9780689829840
9780689840340
9780689840357
9780702228322
9780702233630
9780702234798
9780702235016
9780702235252
9780702235283
9780702235672
9780702236211
9780702237287
9780702249297
9780702250163
9780702259616
9780702259951
9780702259982
9780702260117
9780702260278
9780702260476
9780702262944
9780702262951
9780711210509
9780711245761
9780711245853
9780711246874
9780711257566
9780711257771
9780711258389
9780730443513
9780730443797
9780730444640
9780730497219
9780730499220
9780731815036
9780732284107
9780732285340
9780732289201
9780732292096
9780732295752
9780732297039
9780732298999
9780732299033
9780732299453
9780732299859
9780732911294
9780733315220
9780733325687
9780733325830
9780733329142
9780733330872
9780733331114
9780733332906
9780733334368
9780733335938
9780733335976
9780733335983
9780733335990
9780733338175
9780733338182
9780733339479
9780733339486
9780733340826
9780733340864
9780733340888
9780733341656
9780733614071
9780733616891
9780733634338
9780734401991
9780734403582
9780734408990
9780734409386
9780734409843
9780734409867
9780734410146
9780734410337
9780734410672
9780734410788
9780734410894
9780734411181
9780734411914
9780734413826
9780734418043
9780734418227
9780734418906
9780734419507
9780734420015
9780734420046
9780734420305
9780735265486
9780743273565
9780743461511
9780744559712
9780744575859
9780744589078
9780744590579
9780744592276
9780744598698
9780746060315
9780747538486
9780747542155
9780747546245
9780747548478
9780747550990
9780747558194
9780747562184
9780747581086
9780747598114
9780752866338
9780753456378
9780755500017
9780755501915
9780755502608
9780755504367
9780756992989
9780763627966
9780763629038
9780763660734
9780763680862
9780763690526
9780763690670
9780763690984
9780763692155
9780763694890
9780765378484
9780786279524
9780786814541
9780786838653
9780803731097
9780808533856
9780808568537
9780810983915
9780810997936
9780810998773
9780812413748
9780812422085
9780812423662
9780812973655
9780823413317
9780823415458
9780833549945
9780857552020
9780857638403
9780857980502
9780857980663
9780857982018
9780857982025
9780857982032
9780857982728
9780857985163
9780857985224
9780857985545
9780857985552
9780857986610
9780857986696
9780857987860
9780857987884
9780857987907
9780860374084
9780864616388
9780881032154
9780881036954
9780884484318
9780916291303
9780917201592
9780917201615
9780917201660
9780917201714
9780917201752
9780929093215
9780940322158
9780947212124
9780980607017
9780980794892
9780987380951
9780994289544
9780994384102
9780994384133
9780994384195
9781250003430
9781250211453
9781250311429
9781250791702
9781338129311
9781338538090
9781338680454
9781338712766
9781338784855
9781368060738
9781400032716
9781400217076
9781405206181
9781405266987
9781405268394
9781405272209
9781405273503
9781405277037
9781405277341
9781405284578
9781405291552
9781405291811
9781405294287
9781405294294
9781405295451
9781405298728
9781406305487
9781406309140
9781406313284
9781406313390
9781406325492
9781406325638
9781406326260
9781406326444
9781406334197
9781406336030
9781406342314
9781406351606
9781406360202
9781406360226
9781406361650
9781406361902
9781406362350
9781406369076
9781406377583
9781406380637
9781406380828
9781406382266
9781406382723
9781406385007
9781406385526
9781406385588
9781406386288
9781406386462
9781406387155
9781406387452
9781406387544
9781406387629
9781406387742
9781406389333
9781406389661
9781406389890
9781406389937
9781406392395
9781406392944
9781406394467
9781406397482
9781406398830
9781407048802
9781407124414
9781407131528
9781407170992
9781407191553
9781408313039
9781408314807
9781408334065
9781408337370
9781408349229
9781408350096
9781408354421
9781408355299
9781408355916
9781408364079
9781408364925
9781408810279
9781408810545
9781408810552
9781408810569
9781408810576
9781408845653
9781408845660
9781408855652
9781408855669
9781408855676
9781408855683
9781408855690
9781408855706
9781408855928
9781408855935
9781408855942
9781408865231
9781408878903
9781408880715
9781408898925
9781409097518
9781409515050
9781409515067
9781409590798
9781416904311
9781416927839
9781416928171
9781416971719
9781416985952
9781416990918
9781416996156
9781419701276
9781419710452
9781419716669
9781419721175
9781419721373
9781419723445
9781419743504
9781420211726
9781420218664
9781420218695
9781420262179
9781423101505
9781423133087
9781423160076
9781432850364
9781442414488
9781442494978
9781442494985
9781444000955
9781444004236
9781444004755
9781444011692
9781444013849
9781444910858
9781444929997
9781444930795
9781444936728
9781444939576
9781444941425
9781444941456
9781444941470
9781444949391
9781444954388
9781444955699
9781444955927
9781444957198
9781444960860
9781444964912
9781447262923
9781447281047
9781447282341
9781447287575
9781448119141
9781448197286
9781451678185
9781459641808
9781460703236
9781460705117
9781460707616
9781460707623
9781460707630
9781460707654
9781460709368
9781460709467
9781460710203
9781460710258
9781460710388
9781460752555
9781460753774
9781460754726
9781460754979
9781460755105
9781460756188
9781460756270
9781460756287
9781460756294
9781460757536
9781460759202
9781468306651
9781471121845
9781471143670
9781471144769
9781471152320
9781471164644
9781471173363
9781471183867
9781471189371
9781472961150
9781474933667
9781474966603
9781481409933
9781481448840
9781481462730
9781481476843
9781481479295
9781484707234
9781484767603
9781486308279
9781486308415
9781496561176
9781509804757
9781509820351
9781509860548
9781509871353
9781509874057
9781509889853
9781510100466
9781510105003
9781510105478
9781510106246
9781510107144
9781510107786
9781510107960
9781510108370
9781510109063
9781510202252
9781510202467
9781510202504
9781513260952
9781524714222
9781524769550
9781524770464
9781524855062
9781525292576
9781525292736
9781525297861
9781525297991
9781525298264
9781525299308
9781525299667
9781526610942
9781526614728
9781526628688
9781526632807
9781529013085
9781529023466
9781529120141
9781529500899
9781534408944
9781534442580
9781534443709
9781534455658
9781536201987
9781536211689
9781536219104
9781536223101
9781541526426
9781554987658
9781561455799
9781561456291
9781580893084
9781590786048
9781592702503
9781596436077
9781613129685
9781613831335
9781616958473
9781619639751
9781620143629
9781626720664
9781627797221
9781627798921
9781740517652
9781740518581
9781740519823
9781741140903
9781741140910
9781741142549
9781741144017
9781741145908
9781741145915
9781741147049
9781741147186
9781741147315
9781741148336
9781741148770
9781741149661
9781741149678
9781741149685
9781741149692
9781741149708
9781741149715
9781741149722
9781741149852
9781741156560
9781741156584
9781741660821
9781741662092
9781741662344
9781741662573
9781741663020
9781741663242
9781741663723
9781741664515
9781741690866
9781741691344
9781741693201
9781741693423
9781741693515
9781741694673
9781741694994
9781741697520
9781741697735
9781741697742
9781741697827
9781741699586
9781741751192
9781741753011
9781741754742
9781741755107
9781741755503
9781741756210
9781741757163
9781741757927
9781741758726
9781741758849
9781741758870
9781741758900
9781741764277
9781741765014
9781741767971
9781741768824
9781742030500
9781742030623
9781742032214
9781742032450
9781742032467
9781742034102
9781742034188
11
6716636
6716776
7588526
7589204
14031492
14330528
20720019
62312189
73299876
74455943
140309128
140312609
140314601
140360468
140364560
140371044
140371567
140372318
140381481
140382348
140504354
141311312
141311320
141381507
142020453
143301950
143306154
143308645
143501984
143504452
143782894
143787594
174114213
177657009
192214262
198314949
207123233
207154481
207155429
207189137
207189145
207197679
207200068
224022938
224027867
241108586
241118026
316058432
316404489
330271466
330358863
330361414
330362151
330363689
330364251
330422669
333294882
333353102
340681063
340704004
374308039
375858997
375958991
439101360
439700949
525555455
545946174
545952786
670062871
727002279
732907756
732998778
732998794
733334350
734304579
734418639
746062753
763622621
763625582
763655988
763693553
823440559
859245756
862031834
862032474
994384165
1409593495
1420204483
1420204513
1420204548
1420204556
1420204564
1420261401
1420261436
1596434023
1741144418
1741144590
1741145899
1741758882
1742031897
1742374174
1742614213
1742769691
1742993753
1743629095
1743820216
1760128643
1760129828
1760523534
1760528706
1760630837
1760640212
1775433633
1776571983
1842551310
1843624850
1862911827
1864484659
1864489332
1865042277
1865049352
1865949360
1876372192
1876372656
1903434564
1925603741
1925626725
1925712516
1925773027
1925791238
1925791289
9781760271176
9781742991009
9781760660857
9781760158798
9781760154035
9780207112348
9781760667597
9781760523503
9781760637040
9781865046105
9781922179760
9781910959879
9781848125742
9781742830223
9781742835068
9781760667580
9781742999371
9781742377186
9781876288068
9781743313350
9781743433348
9781780810218
9781925360608
9781925360615
9781742757612
9781742740201
9781760890698
9781742752907
9781843104810
9781925713435
9781862919792
9781743816349
9781925626971
9781922244635
9781760127152
9781865049366
9781921966248
9781921758058
9781770497337
9781775415046
9781760292140
9781952535000
9781925816822
9781877007934
9781921272189
9781925335217
9781863919739
9781760502003
9781760279493
9781760279479
9781743620212
9781921541087
9781760127602
9781921684289
9781921684081
9781925360639
9781925360646
9781921564949
9781921564925
9781921759789
9781921759796
9781742970059
9781921564932
9781742979960
9781743832172
9781925360707
9781770462182
9781742991641
9781760669768
9781742537399
9781743484241
9781875875085
9781922326027
9781742283722
9780143780649
9781760112042
9781760635817
9781925163919
9781862918337
9781925972948
9781760291938
9781952533877
9781925545692
9781862913776
9781760630683
9781760636364
9781760631468
9781925381573
9781921988486
9781841215839
9781843623045
9781742757513
9781742757537
9781742755410
9781922142610
9781921248221
9781742533490
9781925936865
9781742613505
9781925360158
9781925360165
9781760159085
9781760271756
9781863683036
9781742373959
9781876372392
9781925768862
9781743623596
9781925162097
9780141326177
9781741767643
9781760974312
9781925768725
9781922142184
9781922142504
9781921977855
9781760295554
9781742538860
9781742538914
9781743482650
9781760141837
9781760146559
9781760140090
9781922134691
9781925381283
9781743837856
9781921248436
9781760295974
9781760973827
9781760293055
9781925576832
9781760526139
9781776570744
9781844285136
9781921989674
9781865046136
9781742590585
9781921988509
9781921529283
9781865046266
9781925164831
9781876233051
9781921136955
9781743095553
9781921931161
9781921684050
9781921684005
9781921931154
9781921931383
9781760279059
9781922179708
9781864715064
9781864719109
9781742690001
9781743624067
9781743622711
9781922134707
9781922134578
9781743627051
9781743099445
9781862918221
9781760270698
9781742838175
9781742838199
9781952534096
9781876372415
9781742830728
9781921248559
9781760146733
9781952534867
9781862918061
9781760502904
9781925360738
9781862913929
9781862913677
9781743621295
9781742590622
9781742280981
9781921167584
9781742994581
9781862917651
9781760669164
9781742990262
9781743832028
9781742832579
9781742533582
9781925322156
9781911344254
9781911344704
9781742740829
9781760858483
9781869714291
9781864715088
9781862917415
9781862917408
9781781100226
9781781100257
9781781100219
9781781100233
9781776570089
9781760893422
9781848129221
9781760146948
9781760290245
9781925576375
9781760523527
9781760637453
9781742979885
9781742974057
9781742971285
9781742971407
9781925381269
9781865086033
9781865084404
9781743434208
9781865084398
9781858812922
9781876928186
9781743836538
9781760279028
9781775433064
9781865046259
9781760294335
9781922419132
9781742839912
9781925360769
9781846168864
9781846169052
9781761040115
9781760276218
9781742761909
9781742990095
9781920731038
9781925594928
9781925360790
9781921684029
9781760275228
9781921150333
9781865046150
9781921989698
9781921720147
9781921167188
9781921361715
9780141326184
9781742375700
9781743433874
9781921150593
9781921684012
9781742622163
9781742622194
9781741981162
9781742622200
9781742622170
9781760632953
9781743434154
9781760982829
9781921248900
9781921248917
9781743318935
9780702261404
9781760110345
9781925268270
9781760637958
9781922089137
9781788951845
9781760273651
9781742379944
9781921977725
9781783448661
9781760970246
9781742373126
9781743439326
9781921684166
9781925206227
9781921248443
9781925498011
9781922077905
9780141326221
9781760401085
9781742531892
9781788951111
9781760111960
9781760154127
9781849418096
9781925240085
9781760293369
9781760636272
9781742378350
9781742694955
9781925936346
9781925360240
9781925936728
9781742832456
9781921504853
9781743837702
9781921150654
9781760501419
9781921714764
9781760505554
9781760637330
9781864482423
9780198328612
9781742530550
9781864715033
9781864719079
9781876372491
9781916180529
9781760277086
9781760277062
9781760112455
9781952533808
9781925381566
9781925360301
9781925360318
9781742284897
9781921989070
9781921720833
9781922077974
9781760500849
9781743585726
9781925360981
9781743318140
9781921248238
9781876372675
9781921684234
9781864719628
9781742613550
9781742535852
9781760525934
9781761060632
9781743629062
9781526614711
9781742534206
9781742370972
9781742530864
9781742538075
9780143781233
9781921098444
9781742732916
9781921150388
9781862919723
9781862919730
9781862917880
9781742991610
9781921684241
9781876372972
9781742997698
9781760502911
9781925936315
9781925360370
9781925360387
9781742990736
9781760975456
9781921167195
9781743316337
9781921684036
9781862916357
9781743319222
9781743439869
9781921272103
9781921150371
9781921928062
9781760294670
9781760525712
9781761060649
9781921272448
9781921931628
9781921989681
9781865046143
9781742691619
9781742280943
9781760975838
9781921529542
9781925972924
9781876372408
9781780556116
9781921977381
9781876372422
9781862919389
9781862912878
9781760272913
9781742976518
9781743581124
9781760899318
9781921248252
9781921248276
9781864367669
9781864368048
9781760970024
9781921150623
9781760528126
9781743319697
9781865088402
9781742628479
9781743348406
9781742611273
9781743289594
9781742612379
9781743533222
9781743537411
9781743535004
9781743549926
9781760554309
9781760781255
9781760554170
9781921167867
9781760154226
9781760150426
9781760157265
9781760158774
9781760279509
9781921690938
9781865085630
9781742622118
9781911490579
9781742990651
9781743315279
9781743315286
9781865044262
9781922077462
9781742373836
9781743312612
9781743431085
9781760297176
9781760124212
9781760120283
9781760293017
9781921529696
9781921150609
9781925081381
9781781129067
9781760971083
9781910002766
9781862918450
9781865049427
9781921888106
9781925161151
9781849435499
9781742378329
9781743312599
9781921529634
9781865046952
9781760630959
9781760634018
9781912626878
9781743812020
9781760651930
9781760129026
9781743585511
9781742750804
9781742538556
9781773213439
9781925603705
9781925626681
9781862914445
9781742991054
9781862917385
9781742377926
9781742769189
9781780897875
9781760876371
9781742377285
9781877003943
9781742379906
9781743434857
9781743317242
9781925584868
9781760637941
9781760297183
9781925594966
9781760875060
9781742978185
9781760651091
9781760877866
9781742376752
9781921361234
9781742622477
9781742993270
9781760129019
9781743584958
9781743315040
9781742973074
9781742764085
9781760274702
9781760158880
9781742376462
9781760142612
9781921529429
9781876928940
9781760279820
9781742613574
9781742990774
9781760892661
9781788009263
9781925381580
9781921977886
9781921150326
9781921417313
9781760501761
9781743832882
9781865046235
9781742286358
9781921049514
9781780746623
9781925381641
9781742768045
9781742837581
9781925063219
9781760159092
9781760276775
9781743629314
9781760651947
9781921150203
9781743836057
9781760125127
9781925381764
9781743832301
9781760972370
9781862918429
9781876288792
9781921564772
9781743582077
9781921417610
9781921098567
9781760500207
9781760126698
9781743548493
9781742624556
9780143780625
9781742625539
9781742745060
9781760554835
9781925063394
9781760557270
9781925936827
9781760878696
9781760665555
9781743625989
9781760151553
9781862305274
9781909531192
9781742374802
9781742745084
9781921989643
9781865043876
9781742286914
9781742283944
9780702261015
9781743485576
9781743482957
9781760140878
9781742538167
9781742282978
9781743518274
9781742538877
9781742622187
9780143791805
9781776570850
9781776570331
9781760271770
9781760159634
9781760271763
9781760152659
9781613129654
9781925163223
9781925163131
9781925268263
9781760110352
9781613127582
9781844280957
9781743629246
9781743435502
9781743317297
9781743480717
9781742535937
9781743480533
9781849396646
9781783440887
9781743436707
9781743318843
9781743626535
9781742835204
9781742530024
9781865081816
9781921150906
9781761127670
9781761043376
9781760879044
9781760877392
9781760652661
9781760893446
9781913101572
9781760897703
9781760784201
9781760983512
9781922387172
9781781127148
9781788003476
9781848863187
9781913074678
9781840114911
9781760979010
9781760524432
9781760526528
9781760526474
9781760526405
9781760508371
9781760979027
9781760505868
9781760509828
9781761122262
9781760668693
9781761100857
9781922400741
9781760526368
9781760525910
9781760526801
9781760879068
9781761041174
9781760896911
9781760974374
9781922081353
9781760979126
9781761041167
9781913484101
9781760899547
9781760894139
9781760651848
9781761123351
9781760978693
9781848129702
9781760506742
9781925804775
9781760970598
9781760979430
9781760526023
9781760509248
9781760654528
9781760650841
9781761065712
9781760976095
9781760526108
9781760878221
9781761040849
9781776573325
9781925760699
9781760978464
9781760976491
9781760786236
9781760898557
9780593466186
9781760895228
9781761043840
9781922419224
9781760507978
9781760895129
9781510107779
9781922330963
9781760895037
9781761122750
9781760509316
9781760898847
9781839130151
9781925936124
9781760523916
9781760636289
9781922330994
9781761125102
9781760526771
9781760507695
9781760762292
9781760984892
9781760979034
9781761123252
9781760505882