9781741147186
9780008256944
9781741140910
9781741764277
9781405296410
9781471183263
9781471183256
9781471183249
9781847805065
184780506
9780140342970
9781419705182
9781444956689
9781474922135
9781474941839
9781474941891
9780140314465
9780143783909
9780062312181
62312189
9780207112348
9780316404488
316404489
9780733331350
9781406334197
9781742030500
9780808533856
9780008292201
9781408884614
9781681195087
9781534442610
9780007531134
7531133
9781411475878
9780857981844
9780571329441
9780571329434
9781407188577
9780310752530
9780439559713
9781509837755
1742990185
9781742990187
9781760295585
1760295582
9781742761343
1742761348
9780349124377
9780940322158
9780066237879
9781250311429
9781444922288
9781409580393
9780007455058
9781509880669
9780439829120
9781481424509
9780241289662
9781468306651
9780525582311
9780732299859
9780241380666
9780141321127
439101379
9780142401101
9780857633392
9780141385914
9780763692155
9780545789059
9780374305536
9780358063681
9780062668271
9781590786048
9781406370737
9781408338933
9781509860548
9781406331509
9781406355093
9781406355109
9780603577871
9781406370720
9780733326615
9780670077441
9781471152320
9780061757143
9780064407670
9780061757150
9780064407687
9780061146336
9781596434028
1596434023
9781406368161
1406368164
1760630837
9781760630836
9781406347999
140634799
9780192758958
9781510202115
9780006755203
9781444916737
9781510202191
9781407138633
9780060736262
9781444922301
9781743313091
1743313098
9780547722023
9780547076362
9780374308032
374308039
140372318
9780141929569
9781250003430
9781862914926
9781922142627
192214262
9781509898367
9780143774495
9781409562719
9781419721373
9781613129685
9780207185991
9781408356838
9780143572046
9781743485729
9781419731198
9780312384289
9780711246775
9781444925234
9781406357509
9781416985952
9781484708163
1484708164
9781741664515
9781742740201
9781760890698
9780857982728
9780143780618
9780143786016
9780143786023
9780857985224
9780007351596
11
9780062936615
9780340997758
340997753
9780857986719
9781420211825
9781444938920
9781741663372
9781444938609
804849382
9780804849388
9781911171010
1911171011
9780008330033
9781452140131
1452140138
9780316336277
316336270
9780440400592
9780062313461
9780763693558
763693553
9781784936273
1784936278
9781925773026
1925773027
9781925626971
9780642278883
9781409583547
9780734418456
9781781711804
1781711801
9780062209696
9780062334008
9780062334015
9780062334039
9780062658432
9780062334046
9780062334053
9780062334077
9780062334176
62334174
9780062334169
62334166
9780062095008
9780062094995
9780062270566
9781741753011
9781405286725
9781405297035
9781405287067
9781408338452
1408338459
9780312384487
9780860374084
9781408341223
9781474960250
9781408355626
9780008134167
9781510703513
1510703519
9781620143629
9781481448840
9781408352069
9780143307389
9781742536781
9780143307396
9781742536798
9780992534080
9781534469617
9781534451513
9780723287148
9780064472272
9781406376227
9781444940251
9781509838776
9781509838783
9780140541120
9781526382368
9781509834532
9781408331439
1408331438
9780141321592
9780141323749
9781775415046
207123233
9780147514004
9780141360089
9780143501985
143501984
9780593110416
9781775433637
1775433633
9780763694890
9780064473569
9780571309054
9780571307401
1408829304
9781408829301
9780670880676
9780394800189
9781481409933
9781454930136
9781408339534
9781408361351
9781474922562
1875481052
9780552570732
9781419709593
9780947212124
9781406344622
9780316111935
9781407185798
9781408806968
9781510100459
9780917201752
9781444000955
9780917201714
9780752866178
9780917201660
9781510105003
9781510100466
9781444011692
9780917201592
9780752866338
9780917201615
9780752866277
9781444004250
9781444009668
9781444004243
9781444008388
9781444004915
9781444004908
9781444004236
9781444004755
9781444004878
9781444008364
9781444004267
9781510107144
9781510105478
9781741147049
9780143307051
9781742535319
9781445128733
9781510747289
1510702768
9781510702769
9780571321780
9780571305339
9780571317103
571317103
9780571286812
9781448197286
9780552574778
9780064473583
9780141301426
9780141301563
9780143300991
9780750284240
750284242
9781740702966
9781740702959
9780734414007
9781408358221
9780753444443
9780753442722
9780007453627
9780007453634
9780007453610
9781338180619
9781338556056
9780730443513
9781409597094
9781580895293
9781775431831
9781775432654
1775431835
9780008164669
9780008164676
9781742991320
9781742991313
1742991319
9781408337745
9780340878071
9780733334139
9780733332463
9780679847595
9781408334515
9781408334492
9780732299446
9781405283977
9781760156831
1760156833
9781445128764
9780857635211
9781408338377
9781442483835
9780316265232
9781529002850
9781408360859
9781407159652
9780062570796
9780007425181
742518
9780763679460
9780763680862
763625582
9781445141916
9781580895309
9780380709182
9780732296148
9781743097984
9781474927277
9781408326282
9780733340604
9780062310224
9780670076956
9780763651046
9781444914191
9781408356470
9780734416773
9781760640217
1760640212
9781743820216
1743820216
9780062336743
62336746
9781408314807
9781524851842
9780008135331
9781524855062
9781449497743
1620910233
9781620910238
9780143500452
9780670062874
670062871
9781400310586
9780062683120
9780007445349
9781509893713
9780702234798
9781444915433
1444915436
9781444913408
9780732299439
9780143784197
9780330273534
9780763690670
9780980794892
9781626726314
9780575079243
9780007334155
9781406366235
9780702250163
9781408340707
9780857635686
9781742031897
1742031897
9781681193342
9781781716465
1781716463
9781626720664
9781509841264
9780141308258
9781406358285
9781742537399
9780143304333
9781743484241
9780670078004
9781484723029
9781408355220
9781939629654
1939629659
9781681197296
9781743319246
9781952533433
9781743319246
174331924
9781444949360
9781486308279
9781486308415
9780141308388
9781742283722
9780763627966
9780008267018
9780374309473
9780808568537
9780143780649
9780143780656
9780734415813
734415818
9781681196497
1741147417
9781741147414
9781447292487
1447292480
140312609
9780141323473
9780061975165
9780061227288
9781627797221
9780975090718
9781408334737
9781408334744
9781743628577
1743628579
9781408335253
1408335255
9781406354935
9781416928171
9781406375503
9780143307143
9781742535487
9781740702973
9780648115601
9781416940289
9780711210509
9781420204537
142020453
1420204564
9781444926415
9781407195674
9780808526049
9780062499882
9781742031286
9781405291316
9780545599320
9780545027274
9780545694704
9780439049962
439049962
9781921990830
9780241209578
9781445127804
9780349009162
140364560
9781447299318
9780008170622
9780006755302
9781784452865
1784452866
9780439559652
9781921989872
9781407162119
9780008172084
9781338712766
9780143780991
9781405291934
9780007334100
9780007523337
9780062386366
9780749650001
9781406313390
9780571298310
9780192720931
9781419721205
9781405285742
9780141326191
9780141960616
9780141365374
9780141369372
9780141394589
9780141365381
9780141326252
9780141930190
9780141357850
9781529023466
9780143785309
9780064400558
9780140301854
333294882
9780141331331
9780141354828
9780008139414
9780007309740
9780857987662
9780143501619
9781471172236
9780316407441
9781444923421
9781408354988
9781416990918
9781742032238
9780987461544
9781509871353
9780141356433
9780571337514
9780702253164
9781921977879
1921977876
9780750283601
750283602
9781447284932
1447284933
9780734418630
734418639
9781741758283
9780316133883
9781405267021
9781408345696
9780008171926
9781406338010
9781910002575
9781406318494
9781406365047
9781481456005
9781406332940
9781406339147
9781406366372
9780143783008
9781921988486
1865042277
9781741697735
9780316370929
316370924
9781408342701
9780763629038
9780062947857
9781444903683
9781444919622
9781444909296
9781444909302
9781444938623
9780349124346
9781510200050
9781741694673
9780857985163
9780857987884
9781742757513
9780857987860
9780857987907
9780743461511
9781481470315
9780857532749
85753274
9780994626967
9780008454296
9780008152925
9780062120090
62120093
9780062120106
9780734411181
9780140378450
9780008276850
9780763698553
9780143304869
9781742533490
9780733332470
9781776572045
1776572041
9780316465717
9781408360040
9781405277037
9780670241330
9780140501735
9780733332203
9781406365535
9781444925210
9780207173226
9781534417496
9781741755107
9780143782988
9780007951185
9781452155418
9780451480071
9780349002323
349002320
9781626728028
9781423194163
1423194160
9780812423662
9781741662924
9780192767585
9781444931099
9780440406945
9780316229234
316229237
9780316407496
316407496
9780571311828
9780143307648
9781743480519
9781782956082
1782956085
9781481487078
9780857989956
9781405295451
9780141359205
9780062007407
9780733333330
141311320
140309128
9780141930213
9780141326177
9780141365411
9781741757163
9781741767643
9781408332511
9781408332504
9781444957228
9781419701276
9780571323302
9781471143670
9780711245631
9781760974312
9780545174794
9781408338957
9780525515074
9781925360011
9781510725263
9780141312705
9781419723056
9781408362341
9780007507542
9781409586104
9780857987709
9781407164236
9780007453580
9780007453597
9780340882399
1510700153
9781510700154
9780857531070
9781446479827
9780857531087
9780143309260
9780141324906
9780143304999
9780143303831
9781742538860
9781742538914
9780143306641
9780143304951
9780810983915
9781419723445
9780143309338
9780143308089
9781743482650
9780143309000
9781760141837
9780143782797
9781760146559
9780143304555
9781760140090
9780143308591
9780143307334
9781419705847
9780143304999
9780810997936
9781406371635
9780008258955
9781405285759
9781509806683
9780642279279
9780241378960
385754884
9780385754880
9781400312146
9781444919691
9781474729130
9781407143309
9780857635839
857635832
9781406341911
1406341916
9781523508136
140504354
224022938
9780140568233
9780732295752
9781406373691
9780008175504
9780143307556
9780143307563
9780744593624
9781447277163
9780439922333
9780008317928
9781420204483
1420204483
9781509841257
9780142420133
9780552568111
9781406345605
1406345601
9781101997291
9780786819881
9781844285136
9780316562584
9780545656030
545656036
9781471144011
9780857076748
9780732298999
9780008132491
9781406377293
9780143781301
9781406365719
9780439841207
9780143782599
9781481456852
9781481456821
9781742030623
9781742032474
9781338111156
1876372192
9781742032450
9781742590585
9781444922271
9781524770464
9781474906999
9781484767603
9781921988509
9781741697827
9781407172095
9780823440559
823440559
9781408357026
9780008122126
9781407188423
9780008170653
9781741156560
9781741144413
1741144418
9780734416308
9780734416315
9780734418654
9781407166285
9780241328583
9780385373111
9780375981944
9780375972010
9780007416868
9781781716441
1781716447
9781474903059
9781406312294
9780064473576
9781408336731
1408336731
9781408357743
9781408356524
9780064407052
9781406387452
9781408340325
9781408350775
9781408326275
1408326272
9781416904311
9780711258389
9780857988782
9780207196041
9780207197758
9780207196034
9781407130941
9781408326305
9780349001883
34900188
9780349001845
9780349001876
9780349001821
9781742834382
9781742834399
1742834396
1742834388
9780732298906
732298903
9781460702536
9780765378484
9780007585342
9781481468718
9781444931136
9781444931228
9781741662092
9781864715064
9781864719109
9780141374369
9780733621055
9780571311880
9781510100237
9780192737908
9781634501033
9780141365480
224027867
9781408342688
9780734413987
9781408355008
9780734416810
9780957988415
9781408357545
9780994501059
994501056
9780994501042
994501048
9781471189418
9780307931894
9781633223844
9781444933833
9780613685726
9780702260278
9780552574235
9780553496673
9781408338810
9780711245853
9781471189395
9780143307754
9781743480700
9781406342314
9780143780199
9780670078592
9780734401991
9781250086723
9781250180469
9780008292140
9781509818662
1509818669
9781509818679
9781509818686
1509818685
9780349132006
9781408333877
9781408336762
1408336766
9781408342978
9780545055765
9781407115900
1407115901
9781408340998
9781408880715
9780141365442
9780141929842
9781408878903
9780753456378
9781509898374
9780141369631
141369639
9780143307136
9781742535470
9781534409408
9780857988829
9780670077168
9780143505686
9780733320255
9780143786757
9780733331114
9781925059403
1925059405
9780733330872
9781743099445
9780732289201
9780730499220
9780340943953
9780241364451
9781742378602
1742378609
9780439691468
9781509852888
9781338304497
9781445126883
9780857534583
9780857534590
9781407181417
9780008349080
9781474968317
9780312608897
9780310766391
9780670040971
9780064473521
9781447283553
1447283554
9780762462858
9780552570749
9780733331206
9780733332715
9781743096550
9780571310951
1444924915
9781444924916
9781444924893
9780340796214
9780062868299
9780399213540
9781406361902
9781444924923
340704004
340681063
9780340796146
9781444924886
9780340796207
9781444950212
9781408853399
9780192739025
9780192739018
9780008134648
9781471189494
9781405291552
9781408334805
9781406358360
9780141377650
9781408357774
9781492620815
9780995386501
9781405924290
9781452112411
145211241
9780143786801
9781760146733
9780440418313
9780992471316
9781447281047
9780241447949
802737374
9780802737373
9780439559676
9780062398673
9780141308432
9780143307532
9781742538440
9781419715068
9781419712180
9781419716430
9781613128299
9780207198960
9780060276737
9781510200036
9781536206876
9781782701941
178270194
9780007507627
9780007507528
9781444929522
9780062560773
9781741663181
9781408350096
9781250144188
9781408341087
9781408341483
9781474922944
9781619633377
9781408867549
9780689818769
9780399174582
9780062572738
9780007512928
7512929
9781338157826
9781529007565
1529007569
9781781711781
178171178
9780857632548
9780857632739
9780733335976
9781460707616
9780369331212
9781460707654
9781525292576
9781460707623
9780733335983
9780733335990
9781460707630
9781509804931
1509804935
9781509804955
9781509845057
9780008334222
9780008334239
9781405269131
9780062889652
9780062231024
62231022
9781481476843
9780007371457
9780007371464
9780007443888
9781742032467
1876372656
9781742590622
9780648115656
9781847156501
1847156509
9780552575973
9780552570053
9780141929859
14031492
9780141365503
9780439559638
9781545803325
9781629918716
9780545021340
9780733339479
9781407195681
9781119291220
9781419746987
9781409580379
9781444923902
9781408354421
9780143787167
9780143573999
9780143300465
9781742280981
9781407177380
9781408333778
9780008207441
9781781716489
178171648
9781534452695
9781408340660
9781783441105
1783441100
9781741662344
9781740519823
9781472913685
9780811879057
9780141309392
9781406357967
1406357960
9780062408846
9780763689797
9780141354804
9780723299318
9781407188546
9781444927887
9781101933787
9780606351508
9781408340905
9781447201748
9781743536247
9781447277965
9780670073900
9780143305309
9781742533582
9781408338858
9780330425780
9781444925258
9781471171796
9781596436077
9781510200401
9781406303476
9780008201470
9781444920116
9780689840340
9781408362426
9781408869475
9781742740829
9781741663723
9781925791235
1925791238
9781925791280
1925791289
9781406362350
9781471170256
9780958278706
9781408334850
207197679
9781460752555
9781406386462
9781405296335
9781877467660
1877467669
9781479560295
9781479560417
9780143306153
143306154
9780143504450
143504452
9781775502074
1775502074
9780786279524
9780857637598
9781741663020
9781864715088
9781509858781
9781471147128
9781471167867
9781471123917
9781471176579
9781408362389
9781406366907
9781474922951
9781510104570
9780141305127
9781408341049
9781406318524
9780857634573
857634577
9781406304282
9781444913262
1444913263
9781444916270
763670022
9780763670023
9781509871377
9780141365282
9780734416551
9780734416568
9780881036954
9780440416791
333353102
9781406362244
1406362247
9780747538486
9781781100226
9780747562184
9781408810552
9781408855669
9781408845653
9781408855683
9781408855928
9780747550990
9780747546245
9781408810576
9781408855706
9781408855942
9780747581086
9781781100257
9781408810545
9781781100219
9780747558194
9781408855652
9781408855676
9780747542155
9781408810569
9781781100233
9781408845660
9780060268657
9781481479295
9780062676344
9781776570096
177657009
9781776570089
9781406365948
9781406359435
9780008200565
9780994384164
994384165
9781444951387
9780143781653
9780008241988
9781408336472
9781406356618
9780732285340
9781626721777
1626721777
9780733330414
9780730498513
9780733330421
9781927271988
1927271983
9781927271995
9781447250524
9780143793236
9781760146948
9781444924749
9780439918787
1760121223
9781760121228
9780143507277
9780670076031
9781741789867
9780007333875
9781922244864
1922244864
9780143304494
9780702235252
9781460710203
9781460756188
9781471144776
9780857079381
9781406365795
1406365793
9781406368239
9781925381269
862031834
9780744575859
9780857987631
9780763692650
9781741149852
9781444013849
9781510105928
9781444000184
9781510106246
9781406377583
9781406382266
9781407145679
9781534413313
9781406368154
9780007275687
9781406363784
9780007531905
9780008158880
8158886
9781471403736
1471403734
9781444000948
9781513260952
9780375858994
375858997
9780375958991
375958991
9780711244467
9780207197499
9781406359008
9781492632917
1492632910
9781492637332
1492637335
9781444927535
9781406325492
9780732284091
1444922211
9781444922219
340860685
9780340999073
9780340997161
9781444910285
9781406349528
9780007299263
9780007380459
9781406370966
9781444913040
9781444915600
9780385607254
9780007198566
9781407192093
9781338129311
9780648115670
9780735842335
9781408340974
9781406342833
9780807536247
9781444931341
9780525553298
9781405288736
416884709
9780207199059
9780730444640
9780207199059
9781405260329
9780857637703
9781509874057
9781405296144
9780312201654
9781741693423
9781741694994
9781921966668
1921966661
9781775592082
9781784750152
1784750158
9781784750145
178475014
9781471164644
9780857989703
9781406321784
9780857070593
9780545835923
9781408335918
9781408338155
9780545835947
9780723295709
9780062408716
9781408338087
9781849397650
1849397651
9781743629093
1743629095
9781471120879
9781471120886
9781471120893
9780648272014
9781524769550
9780711213395
9780763655983
763655988
9781534404816
9781681190600
9781619639751
9781536201987
9781580896122
9780439559669
9781921989889
9781460755273
9780062458001
9780143308645
143308645
9781481439244
9780500652268
9780733338953
9780451469588
9781627796026
9781452137797
9780316376617
9781419736926
9781444931686
9781409598923
9780763690526
9780689852183
9781481462730
9781405280112
9781741750843
9781760128647
1760128643
9781419725524
9781782950035
1782950036
9781406389333
9780763660734
9780143780212
9780648256311
9781408341933
9780061962790
1776571983
9781776571987
9781419709487
1419709488
9781419709654
1419709658
9781613128329
9781408808641
9781742031514
9780670896493
9780763669911
9781472920010
9780192768698
9780141368627
9780735229860
9781407145969
9780956419668
9780552573139
9780733335938
9780007511242
9780439559737
9781408355107
9780857986610
9781471145230
9781471402678
9781406306644
9781444952971
9780064403689
9781408360316
9781406361445
9781406370553
9780141326184
9780141311357
140382348
9780141929873
140371567
9780141365459
9781406392944
9780141312101
9781408334690
9780349004440
9780823415458
9780061431852
9781447256168
1447256166
9781592702503
9781474764070
9781849763400
1849763402
9780143308027
9780857633958
9780143304500
9780734419194
9780140503067
9780648256304
9781406368659
9781408331477
1408331470
9780763660536
763660531
9780142501849
9781406302134
9781406335316
9780744589078
9781406336030
9780763666989
9780763691684
9781534441682
9781406397482
9781406380637
9780064400589
9780547608389
9781471173684
9781525299667
9780330360784
9781742622163
9780207188398
9781742622194
9780330363686
330363689
9780330425346
9780099596455
9781473505667
9780330423533
9781741981162
9781742622170
9780330361415
330361414
9781408339947
9780007266999
9780007385935
9781509871223
9781760780913
9781408331941
9781408332443
9781408332450
1408332450
9781534465374
9781408341155
9780141353982
9780395181553
9781408331415
9781781716502
1781716501
9781471189371
9780008207410
9781405285728
9781408898925
9781529013085
9781760982829
9781471407505
9781406371758
9780571314416
9781405267038
9780804850568
9781444947205
1444918176
9781444918175
9780349124612
9780316401319
9780670076758
9780143789758
9781509804665
9781509804641
9780062417107
9780340877036
9780141356600
14135660
9780062686244
9781409580386
9781444928471
9781444941456
9781444941470
9781460751619
9781460706404
9781742031309
9780545813877
9781408357811
9781408343456
9781408334836
9781444955835
9781408336786
1408336782
9781741145892
1741145899
9780884484318
9781408343371
9780755500017
9781405245258
9780207198229
9780702260117
9780702261404
9781471189517
9781760110345
9781925268270
9781525297861
9781534408944
9780642278654
9781760637958
9781760528706
1760528706
9780544704527
9780994380166
9781447286530
9781741758726
9781408331514
1408331519
763622621
9780763622626
9781481468831
1481468839
9780141318653
9780143307020
9781742535258
9780143307013
9781742535241
9780143784760
9780143783183
9780808526186
9780857637345
9781646140077
9781406381221
9780062383006
9780143795094
9781416959304
1416959300
9781444922745
9781509875214
9780670012954
9780711246874
9780099488330
9780857634740
9780545161954
9780857533203
9781452163000
9780007350995
439101360
9780448496399
9781471144622
1471144623
9781481474962
9781681195513
9781407156996
9780141380339
9780734417305
9780008169619
9780375836947
140360468
9781407138091
9781408340950
9780143129400
9780994341440
9780399245039
9781524715472
9781781711811
178171181
9781510703520
9780192734099
9780439559638
9781921989858
9781406358292
1406358290
9781408341100
9780008342982
9780008343019
9781742379944
9781525299308
9780711246898
9781406385588
9781406387544
9780857635785
857635786
9780857632494
9780857632500
9781419713569
9780007594184
9781250135704
9781616958473
9780062741615
9780733332456
9781406374261
9780763668082
9781634502153
9781408326251
1408326256
9780857981998
9780857985484
9780857985491
9780857985644
9780857982018
9780857982025
9780857983015
9781408339497
9781529017502
9781408337103
9781408339657
9780062651730
9780143781264
9781509806171
1509806172
9781509806164
1509806164
9780745965727
9780733322686
9781408341063
1408341069
9781406356267
9781406358155
9781406358162
9781444955392
9781444955408
9781444955415
9780808536987
9781741756210
9781250294432
9781848125339
184812533
9781408340547
9780142302392
9781408333914
1408333910
9780143308515
9781743485590
9781481461627
9780007361410
9780008355852
9780008355890
9781408339435
1408339439
9780711245662
9780753439975
9780008289362
9780008205751
9780008205775
9780008205768
9781408342749
9780330424868
9780207200830
9780141929453
9780141326221
9780141345161
9780141365466
9781408341131
9780702237027
9781406387742
9780723299158
9780723294573
9781408341780
9780099567486
9781408328392
9781408329498
1408329492
9780857983848
9781741693515
1419716506
9781419716508
9780385754965
9780857988805
9780349124360
9780143780687
9780857985361
9780143305286
14330528
9781742531892
9780143307006
9781742535234
9780857983879
9780857981929
9781460754979
9781460709368
9780571308095
9781445128672
9780734410337
9781509818693
1509818693
9780439559744
9780734415769
9781406339307
140633930
9781406339314
1406339318
9780733333255
9781460702604
9780732911294
9781408341193
9780399233159
9781509845118
9781509845071
9781509845095
9781509844999
9780807547939
9781408838808
9780735229877
9781408342725
9781405268400
9781405268424
9781405268400
9781405268394
9781405268417
9781408340684
9781406309140
9781492693901
9780734408624
9780143793465
9780062284273
9780062284280
9781406362381
9780141352398
9780808566557
9780141311142
9781407166896
9781741660654
9781406382723
9780545747813
9781741142136
174114213
198314949
9781741768824
9781416927839
9781509871346
9780008171162
735842086
9780735842083
9781783934232
1783934239
9781783934416
1783934417
9781471121104
9781408326268
1408326264
9781408331781
9781534400597
9781509841288
9781408334775
9781408334782
9781444932676
9780064407311
9780439891127
9781444929454
9780545821261
9781526382405
9781338603569
9780734409386
9781681196527
9780571322909
9781447270959
9781408357798
9781509845019
9780857552020
9781406322897
9780330453752
9780734419415
9781742374178
1742374174
9780143785859
9780143785873
9780143789024
9780143793144
9781444922066
9781444922042
9780192746207
9781405252188
9781910277119
1910277118
9780670078042
9780734406309
9780745965161
9781444944587
9781444932102
9781444932072
316058432
9780316058438
9780316058421
9780735841567
9780141369952
9780688040451
9780207172847
9780734416704
9781420204544
1420204548
9780008306809
9780008211899
9781474710442
9781408329511
9780734408990
9781743833551
9781865046372
9780207200793
9781541526426
9780141355054
9780734419040
9780099567875
9781448164875
9780857634795
9780141357720
14135772
9780143789376
9780385606134
9781406371666
9781742032320
9781742032382
9781742032214
9780702262951
9780823440399
9781406306576
9780486492834
9780994360496
9780994380173
9781409597612
9781474919067
9780994385277
9781444925753
144492575
9780723271710
9780857634900
9781444922141
9780734411914
9780734410894
9780385613675
9780860372981
9781447276999
9780439691420
9781921990038
9780374351144
9781405202893
9780857633095
9781599901749
9780734418692
9781406354522
9781444941517
9781406376210
9781416994374
9781408329375
9780007545216
7545215
9780007545254
9780007545230
9780008167097
9780143505730
9781489252746
9780143796367
9780008124526
9781406367874
9780143306245
9781742535173
9780143306269
9781742536415
9780143306252
9781742535692
9781509860302
9781408343418
9780552569385
9781471189449
9780734403926
9781408357859
1743622546
9781743622551
1743622554
9781743622544
9780545828802
9781760159931
9781445146850
1445146851
9780670072071
9781481497411
9781471405730
9781408355589
9780552556200
9781406349306
9781922077059
9780062408709
9780734418906
9780143782889
9780670077182
9780994384195
9781406359442
1406359440
9781460753927
9781741758887
1741758882
9781534443709
9781760637330
9781471120985
9780525653578
9780763696504
9780062380678
9780571329762
9781250102270
9781447280651
9780857636461
9781474966238
9780670074372
9781742530550
9781250211453
9780753439937
9781741660821
9781864715033
9781864719079
9780752866529
9781408806975
9781445128702
9781407131511
9781408334676
9780747598114
9780007594153
9781406392395
9781509870325
9781406357912
140635791
9781444919592
9781444910858
9781444933796
1444933795
9781444910865
9780571359837
9780571334094
9780733333682
9780857636997
9780857637000
9780746077924
9781408338780
9780857988485
9781406358353
1406358355
9781741147544
9781741158489
9780525653561
9780763692148
9780763653248
763653241
9780702253737
9781742284897
9780143301950
9780312653040
143301950
9781741758870
9781471143830
9781406362459
9781408863114
9780606235556
9781509807734
9781529010893
9781406361414
9781681192017
9780553498899
9780823445608
9780670077977
9780670072361
9780718087821
9780987380951
9780330425018
9781338587258
9781406324174
9780062747808
9780062747815
9780316393829
316393827
9781509881550
9781405050579
9780330472012
9781405050593
1405050594
9780143307433
9781534467781
9780670077687
9781613831335
9781416971719
9781492651314
9780689840357
9780140303629
9781452145150
9780399214578
9780857634849
9780857634856
9780241415757
9780008375492
9780007302888
9780008149246
9780395150825
9781408352441
9781406324860
9781471173882
9780733332906
9781471144028
9780857076755
9781627791687
9780723299851
9781460752043
9781449480097
9780753442715
9780753444450
9781407171487
9780008124090
9781925139143
192513914
9781509862597
9781419712470
9781741660111
9781740518901
9780857986283
9781741663792
9780143307983
9781743482124
9780143307952
9781743482100
9781406345100
1406345105
9780763672430
763672432
9781406366112
9781742613550
9780330424172
9781407131528
9780732292096
9780730497219
9780733618062
170065510
9780241371589
9780241244999
9780241412268
9780241321126
9780141919140
9780141321271
9780141346830
9780141358680
9780141356358
9780141321288
9780141962306
9780141346885
9781484707234
9780141346809
9781484707234
141381507
9780141926902
9780141346137
9780141346847
9780141321264
9780141919133
9781471181252
9781409583530
9780571317950
9781408339510
9781408333082
9780062110596
9780062675279
9780207199745
9780730443797
9780192726209
9780241324325
9781408357835
9780857634887
9781486301126
9780143302339
9780143787204
9781742535852
9780062854421
9780994251718
994251718
9781742769691
1742769691
9781406313284
9781634501828
9780007274635
9781447277170
9780062418500
9780399226717
9780062437556
62437550
9781627793940
9780552557412
9780192793799
9780192758231
9781526614728
9781526614711
9780062741233
9780857987686
9781471193989
9780143305989
9781742534206
9780143307303
9781742535920
9781681193694
9781406378665
9780316315258
9781444916645
9781742032429
9780857551238
9780143781240
9780143781233
9780702249280
9781452142944
1452142947
9781419716362
1419716360
9781534426528
9781408336144
9781409550310
9780007313365
9780380727698
9781408331750
9781534412682
9781509806690
9780007113705
9781741751475
9780805092325
9780007588558
9780007325078
9780316562614
9780140555264
9781681193380
9781408355022
9780241375860
9781444949971
9781444957013
9780062363961
9780590134224
9780733331022
9781408357125
9781471408175
9781408343449
9780763665951
763665959
9781406360813
9780008152864
9781449492526
9780140371017
140342680
9780140371017
9780646458687
9781407192499
9781444929317
9781479560301
1479560308
9781479560349
9781479560387
9781479560424
9780380709595
9780380709540
9781509818709
1509818707
9780007453559
9780007453542
9780007453535
9781406363135
9781529119626
9781741758535
9781526301826
9780316133845
9781405262408
9780734409157
9780857988768
9781405266512
9781338053807
9781406368437
9781449495183
9781407163499
1407163493
9781481468756
9781474906487
9780007574940
7574940
9781580893084
9780062386557
9780008211806
9780545668132
9781449495152
9781534440418
9780141357713
9781406343861
1406343862
9780143790327
9780571280599
9780803726574
9781408340349
9780099439509
224028413
9781481498746
9781408326329
9781447266136
1447266137
9781474969963
9781408340387
9781474942409
9781408326312
9781407154190
9781408329115
1408329115
9780733331725
733331726
9781760290641
1760290645
9780734410672
9781423185161
1423185161
9781406354928
9780613005036
9780987607775
9780987607768
9780670868339
9781760892760
9781408340523
9781405287517
9781405287524
9781405294287
9781405294294
9781405287531
9781405295727
9781406363494
9781444919615
9780141358154
141358157
9780062399526
862032474
9780735231788
9781407139227
9780143306405
9781405245265
9781408363195
9780062570703
9781509885541
9781509813759
9781406352115
140635211
9781408343074
9780648280415
9780648280422
9780648280439
9780648280408
733320600
9780733320606
9781921504617
9781921504631
1921504633
1921504617
9781509818327
1509818324
733320600
9780733320606
9780702236211
9781406360233
9780744583236
9781406379242
9781509852574
9781459641808
9781534442580
9780008386252
9780099596493
9780143307280
9781742535906
9780007553952
7553951
9780994626981
9781784452889
1784452882
9781408355046
9780307386878
9781405283786
1405283785
9781405284158
9781472916334
9780670076871
9781407172088
9781781125519
1781125511
9781741699586
9781921989681
9781865046143
9781474964388
9781474984263
9781741758900
9781742691619
9781406367331
9780143302216
9781742280943
9780241282731
9780062386472
9781408340936
9780439691413
9780807573532
807573531
9780140372380
9780552573535
9780689840333
9781408357002
9780545540599
9780545540605
9780545540667
9781780622286
1780622287
9781420204551
1420204556
9781471144752
9780857071194
9781406360219
9781844280940
744590078
9780571324835
9780571324828
9781405284684
9781471146077
9781474940658
9781474958554
9780545821254
9780860375975
9781407139210
9781447236672
9780753730553
753730553
9780143309222
9780553538182
9780723288923
9780763672331
9781471170454
9781509885800
9781760783655
9780734413291
9781408340882
1408340887
9781419743504
9781408339886
9780230742512
230742513
9781481444026
9781492609483
149260948
9780008170875
8170878
9780670078851
9781509828234
9781408326299
9780670880683
9780552566063
9780642279033
9780753439920
9781784930271
178493027
9781408332856
9781408357101
9781408356982
9781741755503
9780143304678
9780143301882
9780753461440
9781405282727
9781742993751
1742993753
9781760272913
9780141362861
141362863
9780241207789
9780241207796
241207797
9781534436473
9781407172934
9781740517669
9780734419446
9780734419422
9780062698803
9780007463015
9781409562726
9780340882412
9781408329184
9780340917497
9781741968194
9780552569408
9780143300663
9780374306144
9780711245761
9780007581238
9780007581245
9780007581252
9780141354859
9780763664749
76366474
9781406354591
9781784931261
1784931268
9780062676313
9780007130405
9781444950892
9781444942576
9781444954272
9781406325638
74455943
9781406326260
9781780810218
9781742030975
9780007553969
755396
9780007554027
9781742030333
9780143308119
9781408339862
9780545851077
9781447240198
1447240197
9780230769885
9781444947328
9781474922937
9780143504108
9781409590477
140959047
9780857988416
9781481490689
9780143505969
9780670077755
9780099503910
9780734403254
1781124574
9781781124574
9781492651642
9780062410450
9781420204513
1420204513
9780062290854
9781760523534
1760523534
9781447262923
9780007523511
9780007511204
9781406361476
9780517580301
9781760528126
9781525297991
9781743319697
9781741149692
9781741149715
9781741149722
9781741149708
9781741147315
9781741149685
9781741149678
9781741149661
9781741757927
9781741767971
9781741757927
9781741754742
9781741765014
9781741140903
9781741148770
9781741144017
9781407188539
9781452119373
9781484712740
1484712749
9781408340783
9781405293303
9780670072392
9781408355893
9781408346488
9781509853618
9781408334812
9781408355206
9780062385574
9780143306528
9781742536668
9781405282970
9781510100824
9781536211689
9780733614071
9781847804846
1847804845
9781444927856
9781419713644
9781613129128
9780310761402
9781408337370
9781474927987
9781474972130
9781474942959
9781474959056
9781474950473
9781474945554
9781474967891
9781474959032
9781474921640
9781474959049
9781474959063
9781474980470
9781741148336
9780545627771
9780330404365
9781742628479
9781447279808
9781447281580
9781447287599
9781509839162
9781509833771
9780394844848
9780733320194
9780733334276
9780008357986
9781407143958
9780143786368
9781471170232
9780399557972
9781407156989
9781408349878
9781509881529
9780141321103
9780385736008
9780143788973
9781740519120
9781775430971
1775430979
9781510100268
9781420211726
9780734415868
9781925603743
1925603741
9781925626728
1925626725
9780763698225
9781405266116
1405266112
9780857636089
9780064407663
9780061757099
9781534442641
9780062467768
9780735231757
9780857986054
9781423101499
9780732297039
9781419707834
1419707833
9780735842687
9781405287814
9780008149536
9780980607048
9780008385644
9781406357721
9781447225935
1447225937
9780613925037
9780310749417
9781590784310
9780141365428
9780007540723
9780702228322
9781471405235
1471405230
9781742034188
9780732297633
9780330424158
9781742622118
9781741662573
9781741143287
9780733332487
9780786814541
9780316506632
9780008248413
9781406322187
9781409515067
9781405266970
9780141354330
9780552564847
9781405267007
9780702259982
9781742034126
9780734417671
9781471402982
1471402983
9781409515050
9781409590798
9780440407027
9780375842207
9781406373653
9781406369762
9780141354866
9781481469814
9780552573542
55257354
9780007542963
9780008167813
8167818
9780141376929
9781409576327
9780857560681
9780857560674
9781448157020
9781471403163
9780993107825
9781554987658
9781452133508
9780143300847
9780571314096
9780140369298
9780140382433
9781444015607
9781405206297
9780804845168
804845166
9781408364079
9781434296887
9780207200458
9781409515074
9781406367706
9780394800011
33042260
9780330422604
9780316769174
9780571323562
9780571323579
9780192734594
192734598
9781742030746
9780648256342
9780439841184
9780192772091
9780735231818
9780375867934
9780099488392
9780670075188
9781474729116
9781741146059
9781444941135
9781509885343
9780732284343
9780732284350
207167400
9780732284282
9781509813780
9781509894277
9781743623534
1743623534
9781406348835
9781405266963
9780735231726
9781742030265
9780552572507
9780008170714
9780316310314
9781474729123
9781444927061
9780857634474
9781400032716
9780008218300
9780439724043
9780571298297
9780007586554
9780316406857
9780060763695
9780060763718
9780007589227
9781408330036
9780689829833
9780007507573
9781408357873
9781509824083
9781407199320
9780007513758
9780399246531
399246533
9781524741754
1524741752
9781447251712
9780143305279
9780099488361
9780857636690
9781534414884
9781406367713
9780143787457
9781471403200
1471403203
9780062320940
9781742030753
9780732288396
9781423134992
1423134990
9781471401114
1471401111
9780143507000
9780670075997
9780099488354
9781471122682
9780008152802
9780733325687
9781416990512
9780702259616
9781742622118
9780141383743
9781509813735
150981373
9781741664485
1741664489
9781742031262
732301343
9780749748005
9781405283014
9781741750652
9780958557184
9780141365510
9780241344484
9780241372753
9781760297176
9780369304063
9780857533135
857533134
9781448174195
1448174198
9780857533142
857533142
9781419730641
9780642278517
9781619631403
9781619631410
9780141344683
9780552575195
9780552572736
9780552572729
9780099488293
9780143783053
9780316442541
9781444929706
9781442457027
9781408806982
9780207167867
9780141355047
9780141356037
9781741661002
184780652
9781847806529
9780062063564
62063561
9780008215873
9780008131814
9780143307679
9781447270980
1447270983
9781509834808
150983480
9780763647124
9781406357332
9780143308652
9780702249297
9781405286756
9781741697520
9780987461506
9780733334436
9781409584834
9781434294685
9781434291301
9781408355640
9781444763409
9780007267132
9781444925364
9781447292135
9780670074747
9781849418720
1849418721
9780734418876
9781406357127
140635712
9781742034102
9780141365435
9781910002742
1910002747
9780733332005
9780439693530
9781405292436
9780733338182
9780733338175
9781525292736
9780060586751
9780140370904
9780375823459
9780552567756
9781407170992
9781742030883
9780143039433
9780060530945
9781534411500
9781474972215
9781474948623
9780062975676
9781471121845
9780743273565
9780143307044
9780140312614
9781444014389
1444014382
9781406367164
9781444944396
9780689829840
9781634505970
1634505972
9781509804757
9780803731097
9780857630759
9780857632999
9780857630735
9780732295486
9781782023234
1782023232
1634505409
9781634505406
9781406372151
9781406387933
9780439774758
9780141388663
9780007182343
9781742031347
9781742031347
9780744578768
9780007270613
9780733335235
9780008248451
9780064473538
9780007202294
9781444944433
9781444924695
9780679734772
9780142402573
9780007420711
7420714
9780374306168
9781405288750
9780152052607
9780316431989
9780008297244
9781510202252
9781406303483
9781451678185
9780833549945
9780007148981
6751857
6730515
9781742030937
9781847156822
1847156827
9781444919523
9781449494896
9780987461520
9780007580279
9780007549184
143782894
9780143782896
9780670074679
9781434297075
9781434297112
9781419726057
9781406356397
1406356395
9781604334753
9781408806999
9780857980502
9781509804627
1509804625
9780763676186
9780007588589
9781444946345
9780143307822
9781743481240
9780349131801
9781405295093
9781405281638
9781405295123
9781405286459
9781405281645
9780670077151
9780064403146
9781423101505
9780008218225
9780732299002
9780734409867
9780702235283
9780141381305
9780143789413
545624649
9780545624640
9781250233707
9781407144405
1407144405
9781407159669
9781407143767
9781407144375
9780786838653
9780141924403
6716636
9780007115617
6716776
9781849435499
9780007325054
9780007588527
7588526
9781405288194
9780141313382
9781405280150
1405280158
9780008203924
9780394823379
9781101999226
9780008248376
9781408361412
9780099488378
9780552568685
9781459814325
9781408359310
9781405272209
9781405273503
9780141365404
9780857636102
9780753730607
75373060
9780753730560
753730561
9780143301813
9780064471107
9780207157080
9781865046952
9780207191732
9780857636041
9781444010541
9780545448680
9781407159454
9781741697834
9780141344669
9781409570516
9780230736092
9781407144870
9781407197715
9780763680909
9781405266093
1405266090
9780545645331
545645336
9780857635235
9780733331015
9780143786689
9780439841177
9780316318150
9780439023122
9781444930917
9781444930870
9781405204033
9780571298334
571298338
9781444930887
9781405204040
9781444930771
9781444930788
9781632207265
9781444930825
9781444930849
9781444930894
9781444930818
9781444930832
9781444930801
9780143788812
9781444930863
9781444930900
9781405204064
9781444930856
9781405294812
9780141341163
9781634505390
1634505395
9780008152833
9781408355602
9781406343465
9781406361438
9781408336410
9780007154692
9780008390662
9780061992278
9780141361161
9780143505723
9781742538556
9781626725027
9780143039853
9780008248505
9780552568692
9780857633231
9780224046329
9781509801312
1509801316
9780545946179
545946174
9780545952781
545952786
9781452152882
9780008132453
9780099488347
9780143503118
9781406380828
9780064410151
9780007554539
9781338268539
9781406357783
1406357782
9780062272447
9781529119503
9780062662811
9780571332540
9781471170416
9781407181295
9781626723634
9781407158440
9781406365382
9780156035156
9781447280620
76366510
9780763665104
9781536202212
9780763688264
9780008339791
9781408312766
140831276
9781408360347
9781444936919
9780702233630
9781408360354
9781444925548
9780141370231
9781444925630
9780008245986
9780734410788
9780545021371
9781742031231
9781419714894
9780733334856
9780957988439
9780316247825
9780980607017
9780416240702
9780670074037
9781405266079
1405266074
9780008180270
1634505999
9781634505994
9780143787594
143787594
9781434297105
9781434297068
9780192734822
9781406339185
9780062671271
62671278
9781408850770
9780881032154
9781641702515
9781444949391
9780312375980
9781407144412
1407144413
9781407164618
9781423160076
9780439841160
9781760129033
1760129038
9780734410146
9781338281712
9780062692573
9780008366711
9780879236496
9781722118402
9781408355565
9780008211837
9781444010268
9780732299453
9781460703236
9781250164995
9781405262392
9781460754801
9780316219815
9781447288657
9781634505932
9780207200311
9781460751923
9780062306937
62306936
9780062685834
6268583
9780008355050
9780732284107
9781529016109
9780857634818
9781509818716
9781741697742
9781338538946
9781460753668
9781525294303
9780733621673
9781250086686
9780062823557
9780099488385
9781526629418
9780007588572
9780008211950
9781922179012
1922179019
9780857634962
9780552572903
9781406341287
9781471172472
9780099488323
9780613925013
9780062445773
9781338151763
9780008170684
9780689859366
9781743315897
1743315899
9780994384102
9780140548969
9780394828923
9780857634771
9781405291811
9780670013234
9781409583189
140958318
9781408357217
9780440867579
9780810998773
9781510105942
9780375823466
9780552577564
9781419710452
9781406358070
9780744598698
9780723267690
9780473318949
9780733335655
9780142407202
9780733329838
9780545227704
9781447292999
9780316341578
9781471121913
9780439199964
9780008257002
9780763680879
9780008280604
9781408813034
9780571320622
9780064473545
9781534413917
9781423101482
9780857634269
9780207176197
9780670073658
9780857983831
9780439994224
9781509894307
9780143303145
9780140544510
9780702235672
9781406343854
9780142403303
9780141365497
9780091834722
9780141340821
9781529003970
9781250158390
9781460757536
9780143788669
143788663
9781474928953
9781534421783
9781471190377
9781741759969
9780330425650
9781742622477
9781865048000
9781741691344
9781742993270
9781743622520
9781742838007
9781741691344
9781741696516
9781742831701
9781742767642
9781743812549
9781743627853
9781742838007
9781742831701
9781741696516
9781741691344
9780316283045
316283045
9780316219631
316219630
9781408863947
1408863944
9780007588565
7588569
9780753730577
75373057
9780525555452
525555455
9781760291693
1760291692
9781407181301
9780141305363
9780140567533
9781406348408
1406348406
9780207172458
9780060012380
9780369333124
9780451480989
9780823444793
9780734413116
9781534442481
9781534442443
9780732286675
9780099488286
9781407164090
9781590785232
9781405266086
9780812973655
9780807587355
9781406359831
9781741663242
9780143307525
9780753730492
753730499
9781534412651
9780141365473
9780141345178
9781444954388
9781408355299
9780099572879
9781408356227
9780385376716
9780375973277
9781406370645
9781481446693
1847804306
9781847804303
9780008197049
9780008304607
9780008259679
9780008430306
9780994626912
9780008363994
9781408356128
9780062269607
9780141349596
9780140343892
9781408330265
9781743319413
174331941
9781481442916
9780545646567
9780141361178
9781444767728
9781444767711
9780857076137
9781405277167
9781526362087
9780340917992
9780385391504
9780385391511
9781633223806
9781452150130
9781419728518
9781444942125
9780241356173
9781509854356
9780141357386
9781406353433
9780007263875
9780399161032
9781646140107
9781405285766
9781405293112
9781405285773
9781408340806
9781406330960
9781250086747
9781471402654
9781406379532
9780062883360
9781626725355
9780062467744
9781524740573
9780805011661
9780008229863
9781405287180
9781454931300
9780008156312
9780008156329
9780143787334
9780316003759
9781405266987
9780316003735
9780316358392
9781471181481
9781406361483
9781407103785
9781419719066
9780061120084
9781484708132
148470813
9781742376462
9781741758849
9780143309239
9781760142612
9780141308807
9780143308805
9780141306551
9780670075201
9780192747051
9780613272810
9781524787011
9781408343470
9781449494865
9780857988430
9780099567622
9780545668200
59070186
9780141321004
9781904642749
746070004
9781492652373
9781925712513
1925712516
9781471405181
9781471405273
9781629915838
9781405285735
9780062421548
9780552573337
9781409594765
1409594769
9781409593508
1409593509
9781409593515
9781407121819
1407121812
9781408847008
9781408831984
9781534431294
9781742378435
1742378439
9781474981385
9780141394930
9781444941425
9781405245241
9780734416896
9781534460119
9780763630102
763630101
9781406351767
9781865045979
9780330271837
9781760892661
9780857982032
9780994341402
9781775433118
1775433110
9781509894338
9781627795104
9781419733222
9780733634338
9780340931929
9781529003994
9781408851302
9780994384133
9780143791904
9781407188560
9780385375559
9780375972065
9781419727252
9781406367843
9780670079254
9780349002064
9781405272247
9781408863503
9781409596714
9780062823687
9781408340646
140834064
9781408334751
9781743628003
1743628005
9780007501595
9780062308443
62308440
9781471122637
1471122638
9781921977572
1921977574
9780316118255
9781585364183
9780064405171
9780762453382
9781529042979
9781408334874
9781442435827
1442435828
9781407167176
9781741694413
9781405308199
9781742286358
330358863
9780143308928
9780141354965
9781780746623
9780440871514
9781250158611
9781423133087
9781406347517
9781406356748
9781416987116
9781406363074
9781742837581
9781925063219
9780369329011
9780439918770
9781510201521
9780062257321
9780143504658
9780734409843
9780062687753
9780192736901
9780192739919
9780192738967
9780733340864
9781250158420
9780008170783
9781509886678
1447280830
9781447280842
9781447280835
9781509894758
9780702237287
9780702235016
9780008252601
9780008382209
9781405248242
9781407162140
9780007463091
9781509862580
9781534404137
9780007380466
9780006754008
9780733333415
9780062331397
62331396
9780062331403
6233140
9781460753026
143501763
9780143501763
143501771
9780141374352
9780744513059
9780316038638
9780316114271
9781474943437
9780857637970
9780857637963
9780399240461
9781509801176
9781408362334
9781408359464
9781408363102
9780316400022
9781408332542
140833254
9781460753040
9780808525554
9781534414853
9780807590454
9780008360399
9781444912234
1444912232
9780648086826
9781526360564
9780060555306
9781445121369
9780007129652
9781406351606
9781447285601
9781406371703
9781406375213
9780008308445
9781406366969
9781406356410
9780529104007
9780744594867
9780192747921
9780192736680
9780525477686
9780744572919
9780143302780
9780143781288
9780141340241
14134024
9780007523269
9781481441995
9781481442008
9781471160936
9781492693314
9780734418043
9781471160905
9781471175602
9780857634245
9780857634177
9780552574297
9781783443864
1783443863
9781783443871
1783443871
9780732299033
9780732295493
9780734413826
9780552565974
9781448119141
9780141378244
9780545027892
9780733333019
9781460701911
9780733333033
9780734418227
9781408334898
9781408343494
9781408334959
140833495
9780007507603
9780394800875
9781471163852
9781568463216
9780140564990
9781407164847
9780857986696
9781590789230
1590789237
1492632937
9781492632931
9781406349139
9781484714911
9780993107818
9781523510214
9781760129828
1760129828
9781408331453
1408331454
9780143505518
9780670028610
9781471145797
9780994626905
9781407164953
9781406389661
9781526382412
9780571322244
571322247
9780007325955
9781407117805
9780545208895
9780008306373
9780732290450
9780735813526
9781405294805
9780007455430
9780545152907
9781921989216
9781445151830
9781448185795
9780744590494
9781741699760
9780571307425
9781407049885
9780711220973
9780702237188
9781408163580
9780008349103
9781407178196
9781448108404
9781407109367
9780008218287
9781442407695
9780340902622
9781471143564
9781407048574
9780571289103
9780007464111
9780007374830
9780007339600
9780994178602
9780143305293
9780545942201
9780008143671
9780141330464
9781407130934
9780007368853
9780439951326
9780007585410
9781406303063
9780008306434
9780141348407
9780008284602
9780007477838
9780857534835
9781445108759
9780007369881
9780007141425
9780545085595
9780008257026
9780008208707
9780440868408
9780007466733
9781741789904
9780733327865
9781407178561
9780752866376
9781405237598
9780330453783
9781445152288
9780747595748
9781741693232
9780545521451
9781406313482
9781407111025
9780349132273
9781407146911
9780752866505
9780061555213
9780143306047
9781445151014
9780752875484
9781406325669
9781406360257
9781406310399
9780545386999
9780143304708
9780147508652
9780141346519
9780141324326
9781741695380
9780752866055
9780007279067
9781407048802
9780207200847
9780007489244
9780545387019
9781405228961
9781409022251
9781408313497
9780732288402
9781448187638
9781472952448
9780753415306
9780007325108
9781741758597
9781406366341
9780747595687
9781407156064
9780545097321
9780007489473
9780571309658
9780008183608
9780008140359
9781407151892
9781742283326
9780670028917
9781405228978
9780141325040
9781741690347
9781407044774
9781741663013
9781741696479
9780143305934
9781742532196
9780006751038
9780330446587
9781407129877
9781408808207
9780007514656
9780207189876
9780007302208
9780545112185
9780007435883
9780008256982
9780008256975
9780340931769
9780007554553
9780385614320
9780007343034
9781741756678
9780141325095
9781405204057
9780141322582
9781416968023
9780340902301
9780141939247
9780141329505
9780141367286
9781445158785
9780007325085
9780545935203
9780007479627
9780007241620
9780007585403
9781407103945
9780747587231
9781509819973
9781405908177
9781407116174
9780007492930
9781405256216
9780746084601
9781445139586
9781444900941
9781741690385
9780007340767
9780752866116
9780007489282
9780007581214
9781406329575
9780008183547
9780340999097
9780141321028
9780140304213
9781741660210
9780330482059
9780008306465
9781405228954
9780008211721
9780552574471
9781406313154
9780007399727
9780545935173
9780439944670
9780143303794
9780141380414
9781529020854
9781471120237
9780007580255
9780399255144
9780552525954
9780008164553
9780141322100
9781409500391
9780141323558
9781416901297
9780007574605
9780552552097
9780571297160
9780733328053
9780007382477
9780143306085
9781742536514
9781444921120
9781742030524
9780143304661
9780141332550
9780006754022
9781741756623
9780340796269
9781444777192
9781407045894
9781406303056
9780141324302
9780141346663
9780330442978
9780007262434
9780141339726
9780006748281
9781407155791
9780746084618
9781405228985
9780207200342
9780545152938
9780746081372
9780008124595
9781444013863
9780007545667
9780545387002
9780062320971
9781409302957
9780007107186
9780571332502
9780007554485
9780007317202
9780340902318
9781741753349
9780545581608
9780863157028
9780143569374
9780007380626
9780340931806
9780857900685
9780763625894
9780007580231
9781407045283
9780008349141
9781407157733
9780007352128
9780746098851
9780008355067
9781409098119
9780747577676
9781408828748
9781406366358
9780340796184
9780007141425
9780755335091
9780007586806
9781405294867
9780759320758
9780439846813
9780007382927
9781445159393
9780141339245
9780747589785
9780571289097
9781741690361
9780752866420
9780007489497
9780142426364
9781445151045
9780008295653
9781407110349
9780007382422
9780007464128
9780141326924
9780141339719
9781529017175
9780007384907
9780007340729
9781741698282
9781406305487
9780744592276
9780440867302
9780008157944
9780545152952
9780007340675
9781445152257
9780008284596
9780340999202
9780545106122
9780007580286
9781445140810
9781406366334
9780857073013
9780734402400
9780752866239
9780439813785
9781444921144
9781408832332
9780545152921
9781921989230
9780340796245
9780007329267
9781406331981
9781445159423
9780141317267
9780143304548
9780062257239
9781405297059
9780385610124
9781407047171
9781741695519
9781447213758
9780007372843
9780759320772
9780007348176
9780143300076
9780746097151
9781442407725
9780746073100
9780008135195
9780007427253
9781407134512
9781407161792
9780007258048
9780340956502
9780007489220
9780007351985
9781409391463
9781741690378
9781407047201
9781405251938
9780192792907
9780732287672
9780440866459
9780370329963
9780744583243
9780746084564
9781405241854
9780007383634
9781407163178
9781407109374
9780007411146
9780007464234
9780143302223
9781741693225
9781742031330
9781407046242
9781741693218
9781405903790
9781448158379
9781445151021
9781408824641
9780007302086
9780330424936
9780746073049
9781402736940
9781741695366
9781444921106
9780340999127
9780752847788
9780008324827
9780143306429
9781407156309
9780545117548
9780340796177
9781471400001
9781408332481
9781445159355
9781407171555
9780007380664
9781408326145
9780340931783
9780340999189
9780007403059
9780007340682
9780545152945
9781741690354
9780008226213
9780385618298
9780099108818
9781741693249
9780007334063
9780007468461
9780571317967
9780007325047
9781405241847
9781444003291
9780752866154
9780141307992
9780747575498
9780007539055
9780330482066
9780008124588
9781407046297
9781406314601
9781407046341
9781444003284
9780143306054
9781742536286
9781741693195
9780007343041
9780008215781
9780545208871
9780746090916
9780141965550
9780141325491
9780141334011
9780007334087
9780141384887
9780143305903
9780008324834
9780007503926
9780007480241
9780007480210
9780007279005
9780752866406
9780552548182
9780141322643
9780007334131
9781406305135
9781445151038
9780007378272
9780545387026
9780008218201
9780007369997
9780752866314
9780340999134
9780810984233
9780007343829
9781445140889
9780008158835
9781444921205
9781409554646
9780141322759
9780007545773
9780007325061
9781406310146
9780747587187
9781409554622
9780007257041
9780007340743
9781409590835
9781405265966
9781742031828
9781338236576
9780008292126
9780552557849
9780440863564
9781407179384
9780733328664
9781406366327
9780730497141
9780732290221
9780340956496
9780062238658
9780857079442
9780143202363
9780746084557
9780140369007
9781742286853
9780857079367
9780007340712
9780571310975
9781407048307
9780007420438
9780143306313
9780007370740
9780008332365
9781407151885
9781407155876
9780007466726
9781419705175
9780007490141
9780007230587
9781407103723
9781510201361
9781742031835
9780349124391
9781444929874
9780062306944
9780747591252
9780141326238
9780141361321
9780141343013
9780141930138
140315977
9781405294829
9780140364514
9780545208857
9780751565355
9780007402564
9781865086231
9780008324889
9780008139650
9780007447428
9780735842625
9780007340750
9781407110332
9780007494897
9780007334261
9780007325092
9780007511488
9780007326044
9780141335735
9780141967554
9781408304471
9780545935180
9780746085806
9780340956489
9780008332327
9781742030074
9781407117843
9780008129774
9780007322602
9780007382279
9780008306403
9781444006452
9781405293686
9780746084571
9780330446570
9781407108681
9780140542356
9780734407092
9780141322049
9780008295660
9780141325842
9780571237999
9780141967561
9780141335766
9780141321325
9781405243735
9780747591054
9781408313046
9780552569736
9780007302154
9780230532441
9780207200526
9781405257701
9781444921168
9781406305746
9781408850343
9781471400421
9780007366323
9780008347932
9781442458468
9780734401137
9781338323214
9780007302123
9781407046198
9780141321011
9780008200497
9780753415252
9780689835087
9781408818053
9781444000061
9781407043364
9780746084472
9780008124410
9780007310609
9780340999165
9781408832110
9780007489459
9780007574643
9780810989412
9781407124407
9780007340668
9781406317480
9780330422314
9781741695397
9781405293679
9780007487509
9781407130927
9781741662962
9781407130170
9780349132235
9781741693843
9781445140841
9781406307269
9780752866444
9780007340705
9780340796191
9781405204071
603561810
9780140367294
9780141311395
9780545935210
9781407171531
9780007358267
9780857531476
9780552568371
9780141332536
9780440867814
9781405088718
9780141321110
9780340999172
9781407120690
9781407045948
9780007366316
9780008342999
9780007444120
9780007597277
9780007521685
9780007340736
9780143303718
9780007414352
9781405237581
9780857532930
9781408344842
9780007554515
9781407134505
9781407109084
9781407163048
9780141335674
9780141967530
9780007412372
9780007325993
9781407163291
9780143304654
9781407165219
9780141345048
9780008134174
9780752847733
9780340931776
9781474943451
9780746084588
9780141322032
9780007411566
9781407045177
9780007445646
9780007341443
9780734411365
9781406341881
9781445159362
9781407132273
9780007318285
9781407172163
9781741690330
9781448108398
9780857530196
9780552571159
9781741695373
9780552550291
9780007257058
9780141324319
9781407104027
9781448195480
9780008191016
9780732290443
9781406372892
9780670041671
9780141335704
9780141967547
9780670073399
9780732285418
9781408824788
9781407136813
9780007423798
9781407045009
9780007479900
9780007182275
9781408810606
9780545326995
9780340999240
9780340796221
9780746085639
9780545112116
9780571233113
9780545521376
9780008203900
9781442473553
9780316406895
9780349124407
9781743548493
732907756
9780330274869
9780330363891
9781742624556
9780439829106
9781910002575
1910002577
9780733325830
9780062947796
9780143302384
9780143780632
9780143780625
9780062689818
9781741690866
9780141986005
9780733315220
9780140380903
9781408855690
9781408855935
9781740517652
9781742745060
9781406386288
9781406389937
9780670079377
9781405277341
9781447282341
9780143791928
9781420218695
9780008219574
9780008219604
9780916291303
9781460753774
9780864616388
9780008124557
9780702260476
9781444930795
9781740518581
9780733329142
9780734403582
9781444939576
9781444936728
9780062386434
9780141306575
9781760554835
9780008219604
9780008308407
9780008308414
9780007559541
9781407124414
9780763690984
9781925063394
9780141366586
9780141350394
9780994289544
9781460756287
9781496561176
9780316358446
9780143796084
9780062367013
9781405206181
9780141338255
9780007489275
9781471144769
9780062366962
9780062367006
9781627798921
9780141321066
9780141338262
9780062366986
9781338271492
9780141335391
9780857980663
9781460710258
9781460756270
9780007512393
9781471173363
9781460756294
9780141322964
9780241336786
9781409097518
9781862305274
9781909531192
9781741156584
9781741142549
9781742374802
9781741142136
9781741144413
9781741145885
9781741145892
9781741145908
9781741145915
9780064408646
9780061757181
9780061757136
9780064410168
9780061757211
9780064410120
9781740518581
9781742745084
9780064408653
9780061757198
9780061757174
9780064408639
9780061757167
9780064407694
330271466
9780330358842
9780064408660
9780061757204
9780061757105
9780064410137
9780064410144
9780061757129
9781742286914
9780141307480
9780733616891
9780143303701
9781742283944
9780330423731
9780140383805
9780702261015
9780702259951
9781420218664
9781743485576
9780143308492
9781743482957
9780143308126
9780008164638
9780008188573
9780008164621
9781760140878
9780143308744
9781408810279
9780747548478
9780440414803
9781408865231
9781742538167
9781742282978
9780140316728
9780670076833
9781742614212
9781743518274
1742614213
9781447287575
9781743549926
9781760554309
9781525298264
9781742538877
9780143303848
9781742622187
9780330362153
330362151
9781471183867
9781406389890
9781406385007
9780143791805
9780143791799
9781460755105
9781460709467
9780007589203
9780008208714
7589204
9781444929997
9780857985552
9780857985545
9781442494978
9781442494985
9781613129654
9781419721175
1842551310
9781842551318
9781613127582
9781419716669
9781408313039
9781408334065
9781844280957
9780744590579
9781406360226
9781460705117
733334350
9780733334368
9780744559712
9781406326444
9781406360202
746062753
9781409593492
1409593495
9781743480717
9780670077427
9781742535937
9780143307310
9781743480533
9780143307662
9780143301745
9781742530024
9780330274067
9781741751192
9780370329277
9780340996515
9781741693201
9781460710388
9780733339486
9780746060315
9780545521420
9780330545624
9780008499723
9781408364925
9781510202504
9780734420015
9780734420305
9781510108370
9780733340888
9780755504367
9781444955699
9781536219104
9780241412473
9780008468941
9780241316580
9781442414488
9780552555913
9781472961150
9781407191553
9780143786887
9781406387155
9780552559584
9781474933667
9780857638403
9780648964018
9781509889853
9781536223101
9781444955927
9780755501915
9781510107960
9780143793243
9780008491338
9780063043237
9780711257566
9780711257771
9780143796114
9781529120141
9781368060738
9781338784855
9781510202467
9780241538180
9781444964912
9781408349229
9781408355916
9781561456291
9781405284578
9781534455658
9780241407462
9780241407554
9780241362235
9780241419830
9781444957198
9781526610942
9781510109063
9780008470289
9780008332389
9780141377056
9781406369076
9780241491621
9780648748809
9780655215080
9780241449493
9780008298357
9780593466186
9780645069655
9780063237391
9781338680454
9781405298728
9781474966603
9781460759202
9781406387629
9781510107786
9781510107779
9780143775720
9780241414781
9780500652725
9780241449608
9780648953395
9781406394467
9781406385526
9780500652435
9780702262944
9780140542370
9781406361650
9780140559910
9781444960860
9780241445419
9781250791702
9780141364094
9781526632807
9780733341656
9781526628688
9781400217076
9780140541489
9780143501305
9780734420633
9781524714222
9781529500899
9781406384673
9780141369723
9780735266087
9780141370224
9780143772576
9780593109649
9780143507260
9780241542217
9781398503908
9780525514596
9780734419507
9780062982223
9780008491338
9780062894564
9780008297367
9780063043237
9780008333812
9780099638711
9780370328270
9780141302140
9780316113168
9780099448068
9780099411192
9780340796252
9780330398077
9780007182459
9780224064873
9780340860694
9780007182466
9780099413042
9780330438148
9780340687406
9780099417958
9780007171736
9780316110747
9780140366938
9780064420839
9780316733946
9780316115537
9780316283045
9780007108657
9780140562781
9780001984172
9780099219118
9780099600916
9780330415774
9780007574940
9780099185611
9780001857148
9780140381924
9780333720004
9780141317151
9780340860700
9780001954793
9780340680971
9780340681121
9780141317342
9780141318608
9780062334169
9780316153768
9780330415514
9780007132720
9780007150335
9780340681060
9780316738200
9780099254614
9780316393829
9780316057738
9780340894064
9780330422383
9780330482073
9780316112345
9780001712812
9780099301677
9780340884355
9780099737605
9780316057721
9780141302416
9780141313351
9780006636045
9780143302322
9780007112807
9780062336743
9780141500539
9780001857155
9780099933205
9780340680988
9780007124435
9780001714540
9780340882252
9780062430618
9780143302292
9780340882269
9780007108640
9780007161133
9780340681015
9780207200120
9780141381503
9780316112468
9780140328172
9780007169924
9780140074314
9780099493617
9780340681008
9780141380940
9780099638810
9780007129706
9780316733823
9780007420711
9780340818022
9780340681053
9780141311500
9780340428412
9780330446204
9780140371031
9780316114424
9780340681039
9780099711612
9780316733816
9780310716051
9780007109043
9780062437556
9780140342994
9780316110594
9780340866016
9780340894347
9780224047395
9780340883822
9780099512004
9780316112918
9780064434980
9780141380155
9780007109470
9780007108633
9780099964902
9780062063564
9780006745112
9780006751885
9780316109932
9780141318530
9780062696571
9780340851081
9780316058438
9780140377705
9780060000141
9780007158515
9780340860762
9780340736777
9780340881538
9780140505580
9780064421737
9780330418263
9780141311753
9780330301749
9780152046682
9780316122955
9780143300410
9780316110488
9780340884041
9780370328263
9780140378078
9780316014601
9780340681077
9780140503524
9780099554004
9780141311319
9780140377699
9780316115452
9780141318592
9780316057707
9780007160310
9780007589203
9780141356600
9780141306070
9780007203147
9780316110587
9780140371048
9780316120241
9780340680919
9780330398114
9780340681138
9780192751324
9780340680995
9780340911181
9780099413035
9780140328110
9780310710271
9780316733793
9780152065331
9780064420600
9780062308443
9780060885373
9780330373111
9780330373104
9780007127412
9780330415446
9780007158539
9780140381481
9780340841402
9780141305158
9780060885397
9780340778906
9780330398046
9780141304809
9780141358154
9780340911693
9780340877883
9780340894330
9780141306094
9780141316888
9780340894057
9780006751038
9780007112784
9780140385113
9780340681176
9780006646204
9780340841396
9780316122665
9780141317083
9780316111867
9780099409281
9780316115490
9780141500188
9780141340241
9780001984189
9780143301974
9780141317335
9780340997758
9780340860779
9780340796153
9780340881545
9780316733786
9780007112791
9780590136464
9780552545105
9780679876502
9780439154215
9780670871759
9780590112895
9780571221554
9780439169448
9780395861462
9780713663181
9780439629058
9780431171937
9780721496566
9780439993852
9780571226122
9780439982276
9780439012720
9780440864806
9780679889533
9780711214484
9780721415437
9780385610346
9780689855283
9780439950886
9780439995016
9780439135504
9780590554015
9780380709151
9780439104661
9780670845057
9780670869879
9780439996099
9780545825597
9780431164632
9780439999533
9780439320924
9780380709144
9780440863243
9780552548472
9780439874113
9780439981187
9780439559652
9780545656030
9780439011051
9780670028900
9780521498418
9780689860966
9780448445694
9780689862953
9780689872631
9780439998703
9780521476263
9780590660549
9780439114943
9780439104647
9780713661989
9780439559706
9780439012768
9780521629270
9780439998734
9780689863776
9780375855726
9780439793810
9780545624640
9780399237942
9780439169424
9780431117300
9780590558082
9780439013079
9780440867265
9780439680769
9780439997126
9780516082134
9780439981637
9780552546782
9780439950893
9780439994859
9780545645331
9780440863021
9780440864639
9780375826436
9780439559683
9780439629072
9780439994477
9780439011990
9780670070640
9780439993586
9780552552387
9780712650137
9780545685474
9780439013192
9780670911332
9780590542210
9780439010696
9780380732722
9780439992572
9780670871117
9780380709526
9780439724067
9780439998956
9780516422749
9780439013680
9780552548373
9780590137157
9780590198004
9780439507240
9780439724050
9780439978644
9780670028221
9780439992602
9780439011600
9780723247173
9780439011594
9780590139229
9780439978668
9780590542227
9780439992411
9780439169455
9780439997201
9780431164649
9780571298334
9780439841252
9780380709175
9780747580539
9780744536201
9780751371451
9780751355642
9780752866147
9780746074558
9780753413678
9780804845168
9780752860688
9780753410288
9780744568523
9780763622701
9780733320606
9780786809301
9780751354560
9780733318061
9780750237321
9780747559405
9780744572827
9780744582031
9780763606367
9780753730553
9780744536829
9780752866307
9780744552034
9780744536966
9780753400456
9780733614828
9780744536607
9780763623807
9780755321940
9780744569018
9780744578195
9780744561128
9780743477932
9780752866062
9780752866369
9780746014455
9780744592863
9780752866260
9780802797544
9780744582024
9780752866109
9780753730577
9780744517217
9780753410622
9780752866161
9780746069288
9780752847122
9780746007334
9780744517323
9780753401231
9780746047422
9780744569001
9780850917710
9780749629564
9780744547450
9780746045510
9780763625900
9780744531435
9780749625948
9780763624491
9780749631321
9780752873015
9780744563504
9780747546849
9780752866437
9780753404287
9780752866383
9780744578119
9780747551850
9780752844299
9780752866123
9780753730492
9780763672089
9780752866475
9780752866345
9780752866284
9780744543926
9780744552553
9780744543087
9780751351774
9780747580560
9780753400876
9780763630904
9780744594300
9780752866246
9780778741060
9780744598155
9780749626006
9780744589368
9780744577662
9780752866086
9780752847177
9780746028599
9780744568547
9780753408810
9780850917376
9780752866413
9780746074534
9780751353488
9780751360998
9780753730607
9780753409909
9780810983267
9780733609145
9780752866222
9780750227872
9780753730560
9780744578584
9780753408582
9780746067314
9780752866208
9780746061190
9780804849388
9780749625955
9780807530283
9780753410080
9780752866185
9780746028407
9780751350708
9780746063323
9780750230650
9780749639976
9780752847139
9780752866499
9780750227773
9780752866321
9780744555608
9780744578201
9780746060032
9780746042045
9780763638917
9780750014786
9780761452973
9780763678463
9780744547795
9780807516973
9780733612763
9780752866048
9780751314724
9780744547672
9780751367706
9780753411704
9780749627720
9780752847146
9780744528725
9780747570622
9780744563016
9780744528749
9780750218412
9780747580485
9780749631468
9780752847153
9780753411797
9780744583205
9780752866512
9780751370850
9780744598292
9781741664485
9781741145922
9781841210681
9781846162121
9781841383088
9781842703847
9781846161896
9781841210919
9781860076312
9781843626374
9781842551233
9781445146850
9780947304102
9781416904168
9781784750152
9781843626336
9781338271492
9781844286591
9781740708678
9781760291693
9780862728021
9781844285594
9781741660913
9780862649760
9781416916307
9781856973267
9781406358353
9781419709487
9781407144412
9781402713194
9781405204040
9781409594765
9781408329115
9781843629559
9781853261169
9781742761343
9781842555248
9781844281695
9781405022095
9781844287116
9781843620228
9781843628224
9781842990513
9781444918175
9780881068771
9781843625223
9781852694661
9781843628248
9781842701058
9781840894080
9781853261176
9781781716465
9781843626381
9781570914430
9781856973120
9781741143553
9781844280704
9781843629573
9781408329498
9781471405235
9781842552902
9780850919097
9781841197128
9781423185161
9781842550212
9781860395291
9781408334959
9781843629542
9781741147339
9781741142747
9780864616258
9781426314001
9781741780871
9781760129828
9781843620174
9781471144622
9781416901419
9781781716502
9781408331514
9781444913262
9781338214482
9781783934416
9781408340882
9781742378602
9781484708163
9781843626367
9781781716489
9781843629566
9781405210997
9781842299975
9781550371000
9781853261282
9781419709654
9781860395956
9781481491914
9781743623534
9781740708791
9781408332542
9781634505970
9781550371710
9781740708371
9781855618053
9781843629580
9781408339435
9781405204927
9781408335253
9781782023234
9781843620198
9781408340646
9781845107437
9781409583189
9781740708739
9781784930271
9781250219954
9781448174195
9781849418720
9781740708852
9781408331439
9781844760336
9780857533135
9780859533478
9781408331453
9781846162152
9781760156831
9781405020503
9781407121819
9781842550243
9781408341063
9781862073913
9781841211015
9781782950035
9781843626350
9781570916656
9781843620204
9781741140798
9781743628003
9781842551646
9781842551318
9781853261299
9781844285457
9781843623663
9781842551134
9781584302551
9781841210186
9781408338452
9781405206358
9781408333914
9781567921694
9781843620952
9780857533142
9781843628231
9781406301625
9781408336731
9781781711811
9780862787387
9781406356397
9781408331477
9781481468831
9781843628187
9781402712753
9781447270980
9781844282968
9781843629597
9781406301946
9781742031897
9781862050075
9781842990049
9781408326268
9781408336762
9781858816814
9781856023207
9780994251718
9781742990187
9781845070892
9781784931261
9781842550205
9781444924916
9781408336786
9781843620211
9781860390357
9781406301359
9781843628200
9780881064629
9781841212623
9781781716441
9781843620167
9781408326251
9781599900100
9781590783146
9781855618442
9781510700154
9781406345100
9781840224825
9781416917441
9781781711781
9781843620181
9781846161933
9781847806529
9781843626343
9781741660265
9781844289875
9781409590477
9781742378435
9781408326275
9781760295585
9781842551387
9781843626473
9781402726644
9781843628194
9781843629535
9781856021012
9781742834382
9781853261008
9781842550236
9781853261145
9781844289332
9781856973250
9781842550229
9781783123476
9781840224375
9781741145236
9781529007565
9781509834808
9781842990353
9781843621348
9781865046402
9780007355174
9780007169931
9780007310609
9780007343034
9780007258048
9781921098031
9780007554553
9780007351985
9780007597307
9781921098987
9780007488513
9780007521654
9781910002742
9780007512249
9780007514274
9780007489299
9780007368853
9780007241149
9781925059403
9780007411634
9780007158560
9780007314379
9780007554539
9780007446124
9781921977572
9780007559541
9780007585403
9781862916371
9781876372798
9780007560882
9780007581863
9780007355167
9780008152802
9780007560905
9780007515646
9781921098093
9780008124403
9780007286171
9780008152895
9781863738583
9780007179688
9780007182275
9780007257737
9780007553655
9780007585410
9780007487370
9780007512263
9780007339587
9780007510610
9780007531882
9780007502868
9781904442332
9780007589180
9780007481552
9780007382194
9780007326150
9781865046112
9781876288556
9780007158485
9780007385935
9780007590780
9780007478279
9781862916388
9780007523269
9780007286072
9780007352128
9780007201945
9780007274635
9780007581214
9781921098529
9780007382415
9781865080390
9781865087481
9780007489275
9780007395996
9780008124410
9780007335954
9780007182312
9781865048598
9780007175161
9780008135195
9780007468980
9781921098437
9780008139414
9780008140359
9780007464128
9780008158835
9780007580255
9780007173136
9780008124441
9780007481156
9780007263868
9780007512386
9780007526925
9780008131272
9780007287376
9780007466054
9780007580231
9781921098154
9781876288501
9780007380626
9780007169955
9780007514298
9780007286089
9780008118556
9781864482959
9780007266999
9780007508662
9780007420667
9781865048109
9780007478316
9780007549245
9780007445622
9780008124328
9780008134594
9781863737661
9781865086231
9780007225569
9780008118853
9780007158508
9780007464234
9780007490189
9780007355181
9780008126162
9780007175208
9781876268701
9780007466788
9780007540303
9780007318285
9780007589227
9780007158478
9780007478323
9781911171010
9781904442608
9781876288600
9780007464111
9780007485581
9780007384679
9781905087785
9780007182428
9780007249114
9780007531899
9781905087648
9781904442141
9780007590803
9781865047874
9780007491636
9780007382927
9780007170241
9781862911871
9780007562091
9781865048543
9780007302154
9780007107186
9780007339655
9781876372156
9780007364725
9781877467660
9780007492930
9781876288549
9780007334285
9780007438440
9780007445646
9780007425112
9780007296668
9780007462704
9780007535026
9780007508655
9780007521616
9780007500925
9780008124595
9780007382422
9780007339686
9780007158454
9780007559275
9780007370740
9781921098901
9780007502813
9780007466726
9780007554065
9781903434321
9780007286126
9780007531943
9780007225460
9781862915671
9780007402564
9781883672546
9780007263875
9780007340699
9780007182329
9781865049397
9781865047904
9780007156849
9781865046167
9781876288518
9781921098574
9780007466733
9780007300297
9780007263905
9780008129774
9780007169962
9781903434567
9781876288495
9780007302161
9780007365548
9780007286102
9780007340712
9781877135408
9780008124588
9781921167317
9780007536597
9780007411566
9781864486858
9780007169917
9781862915725
9781864489606
9780008157944
9780008134600
9780007286119
9780007284627
9780143305415
9780141339719
9780143304111
9780141335674
9780140569810
9780143304548
9780141343778
9780143305064
9780143307648
9780141334011
9780143306375
9780143306979
9780141338262
9780141374352
9780143501473
9780141329994
9780141344669
9780141367286
9780141325491
9780141339726
9780143305293
9780141339276
9780141322582
9780143304418
9780141335391
9780141342030
9780141333731
9780141333069
9780143304791
9780141339207
9780143307983
9780141345048
9780141346809
9780141321264
9780141332031
9780143306870
9780141341743
9780140564976
9780140509724
9780143306627
9780141326924
9780141322315
9780141362915
9780143307969
9780141336138
9780143305422
9780143302674
9780143305330
9780140564198
9780141380414
9780140541274
9780141361796
9780143305309
9780141325033
9780141343785
9780141345352
9780143304098
9780140543957
9780141343136
9780141366586
9780141339115
9780141335704
9780141335971
9780143306047
9780143307266
9780143306641
9780141369693
9780143307273
9780141318363
9780141501819
9780143303718
9780141321271
9780143307006
9780143308010
9780141346137
9780143301820
9780143305934
9780141336107
9780141325842
9780141329505
9780141500218
9780141340821
9780141354330
9780141339245
9780143506720
9780140544039
9780143303602
9780143307426
9780140569896
9780143305156
9780143307310
9780141502328
9780141330518
9780141321028
9780143503682
9780143303794
9780141335766
9780141319148
9780143307631
9780141343280
9780141346830
9780140568257
9780141341705
9780141338255
9780143302223
9780141351858
9780143300090
9780141331188
9780141350394
9780141341880
9780141501321
9780143307228
9780141320526
9780140567113
9780141330464
9780141321288
9780141324302
9780141337418
9780141321097
9780141384887
9780141375182
9780143502081
9780141346847
9780141350554
9780143307143
9780143302643
9780141322049
9780143307020
9780141346885
9780143302667
9780140509694
9780141309279
9780141366098
9780143306269
9780143307280
9780141324319
9780141501888
9780141384450
9780141342757
9780141335780
9780141346816
9780141320533
9780143503972
9780143307952
9780140509717
9780141334813
9780143306252
9780143307877
9780143307822
9780141335940
9780141322292
9780141318936
9780141320540
9780143307044
9780143302599
9780143572596
9780141339603
9780141339313
9780141345161
9780141335650
9780141339290
9780143505136
9780143305385
9780143306320
9780141348407
9780143304661
9780143302377
9780141317267
9780143307051
9780141349176
9780141318370
9780141336152
9780143307303
9780141325200
9780141344683
9780143206118
9780140508734
9780141324326
9780143307013
9780143305347
9780141331331
9780143307440
9780143305118
9780140506990
9780143302650
9780143305378
9780141325040
9780141325095
9780143306313
9780141322032
9780142403303
9780141354828
9780143304821
9780141369761
9780141324920
9780141332550
9780143565307
9780140569322
9780141339337
9780141361093
9780141338323
9780141332536
9780143307136
9780141325194
9780141335735
9780141332543
9780141501314
9780141346090
9780141331591
9780141357669
9780141328065
9780141320557
9780061723803
9780008292126
9780008181796
9780008212865
9780062365910
9780062662378
9780062947796
9780062484932
9780062673077
9780062386472
9780062954541
9780008357986
9780099596295
9780062269607
9780062675446
9780062367105
9780062868558
9780062422507
9780140312614
9780062334008
9780099567653
9780099544029
9780008382209
9780062410054
9780099596493
9780062673107
9780062410016
9780062954534
9780062990464
9780099853404
9780099455950
9780008485870
9780062857415
9780008159481
9780062790873
9780062875969
9780008183424
9780063043220
9780008308407
9780099408567
9780062352712
9780099582496
9780008180317
9780062410009
9780062796035
9780062306944
9780008229948
9780062257239
9780062198563
9780008279752
9780062467744
9780008244095
9780062263124
9780008252397
9780062386434
9780008305741
9780062954527
9780008355067
9780062367082
9780062386557
9780099439493
9780140301854
9780099675402
9780008347932
9780062429407
9780008411282
9780008324834
9780062675408
9780008218324
9780008347925
9780062675323
9780099434085
9780062320940
9780008352608
9780062382986
9780099899402
9780062854421
9780062089441
9780008215804
9780062677389
9780062851062
9780099899303
9780062257284
9780062429438
9780008264086
9780008297350
9780062404503
9780062334046
9780062823687
9780008203894
9780062947628
9780008272005
9780008195458
9780008172701
9780099525264
9780099408642
9780099219019
9780140347531
9780008306403
9780140368239
9780008272036
9780008357917
9780008226213
9780099978800
9780099266051
9780099567530
9780062898876
9780062405456
9780062367099
9780099488385
9780008268053
9780062947611
9780008164553
9780008229887
9780099543978
9780099488361
9780099573128
9780008292232
9780099408796
9780062975676
9780062094995
9780008447441
9780008244521
9780061555213
9780062367112
9780008308445
9780062447654
9780062404480
9780099596455
9780008215774
9780008267049
9780062915627
9780060275716
9780008267094
9780099488286
9780062086945
9780140371000
9780062497956
9780061703997
9780062484963
9780140366778
9780099567578
9780008384920
9780008244125
9780062269584
9780062367129
9780062385574
9780008355050
9780008208714
9780008207465
9780062287847
9780008229900
9780008271916
9780008264840
9780062220264
9780008191016
9780062082978
9780008264833
9780099200413
9780008371692
9780008183493
9780062238658
9780062383020
9780062198419
9780008201524
9780062290854
9780008262686
9780008333782
9780099572985
9780062854315
9780008172770
9780062381996
9780099596424
9780062796059
9780008208707
9780008169664
9780062748706
9780008254155
9780008212759
9780008224479
9780062421548
9780008308414
9780008259679
9780062386519
9780060780678
9780062110428
9780062971067
9780061783746
9780008280604
9780062796028
9780099543985
9780008207434
9780062823557
9780062275608
9780062658128
9780064431231
9780099108818
9780099573753
9780140304213
9780008208721
9780062320971
9780099567875
9780140389388
9780008207397
9780140370997
9780099189718
9780008218331
9780008294342
9780062698780
9780062386397
9780008215781
9780008262693
9780008266165
9780140369007
9780008240042
9780062974020
9780099264361
9780140387957
9780062386335
9780062410023
9780062698803
9780008167127
9780061964190
9780099488354
9780008220297
9780099488323
9780062404459
9780062338488
9780008229863
9780099488378
9780008324827
9780099488293
9780008297367
9780062894533
9780008211721
9780099200611
9780099596462
9780061554162
9780062368430
9780062410450
9780062381880
9780008332365
9780061346118
9780062284273
9780241241363
9780340931691
9780316015486
9780316522885
9780192767257
9780241238271
9780310722762
9780330424707
9780340931776
9780241321126
9780143782278
9780192727602
9780241289679
9780340873298
9780143782292
9780241189917
9780241324325
9780241258859
9780316303118
9780241242674
9780143782339
9780192793805
9780349132259
9780340999097
9780340903131
9780207190889
9780349131870
9780340931929
9780330425797
9780330508919
9780349124391
9780340989807
9780241344484
9780340999080
9780340681251
9780340680957
9780241197233
9780330403870
9780349124155
9780340680940
9780230750296
9780316404976
9780340681169
9780340893425
9780241411957
9780316486231
9780330510141
9780330422611
9780340917497
9780340999202
9780340996430
9780340882412
9780316390965
9780349124407
9780349124421
9780192747051
9780349132020
9780340681237
9780230743526
9780316523196
9780349124612
9780330458122
9780192733085
9780241196373
9780241953303
9780192749543
9780349003627
9780340797228
9780340931738
9780241238141
9780349001210
9780333982242
9780349002309
9780241372708
9780330442978
9780349124599
9780340681190
9780330425872
9780230741089
9780330510196
9780316307505
9780316126564
9780330452908
9780241250266
9780330454063
9780340989814
9780316307451
9780340956472
9780349001227
9780316431279
9780340956489
9780340981573
9780340796191
9780340999127
9780192736901
9780192758279
9780316510318
9780192749215
9780340999103
9780230767201
9780316045209
9780340956496
9780349124636
9780340680933
9780312606589
9780340999240
9780340681213
9780340681183
9780330425599
9780340681220
9780310764854
9780316204590
9780340989791
9780330507417
9780340996515
9780207200847
9780340681046
9780316343473
9780192745521
9780241188767
9780316538855
9780241203385
9780340999172
9780340680926
9780330482066
9780330424936
9780330425889
9780349132297
9780349132273
9780340999134
9780340796221
9780316266086
9780340999165
9780349001234
9780340931769
9780340989784
9780192733078
9780241412268
9780192738707
9780316262224
9780207189258
9780340931783
9780316388276
9780241375860
9780340681244
9780330446587
9780241198919
9780340999189
9780340797181
9780316307536
9780340970126
9780330458139
9780340902639
9780241244999
9780310715955
9780330511292
9780241356173
9780340796184
9780349132235
9780340681268
9780340882245
9780241371589
9780316438131
9780192745880
9780330422314
9780316203371
9780316307567
9780340680964
9780330456692
9780340681022
9780192793829
9780316338059
9780143782315
9780316403511
9780340997505
9780340950555
9780316266116
9780241423202
9780316065894
9780230532441
9780340950630
9780340989845
9780340681206
9780330425582
9780349124261
9780241185131
9780330545624
9780241249239
9780310712572
9780330403887
9780316507813
9780207174278
9780340893449
9780340796177